2480.72 3 1 2 4 2 2 3 3 3 3 2 2 1 2 0 1 0 0 1 1 1 0 0 1 1 0 0 1 0 1 1 0 0 1 0 0 1 1 1 0 1 1 0 0 0 0 1 0 1 1 1 0 1 1 0 1 2 1 1 0
3499.49 3 2 3 2 2 1 3 2 1 4 3 1 2 2 1 0 1 0 0 0 1 0 0 0 0 1 1 0 0 0 1 1 1 0 0 0 1 0 1 1 1 1 1 0 1 1 0 0 1 0 1 0 0 0 0 1 2 0 1 0
2385.48 4 2 4 3 2 1 4 2 3 2 4 1 3 2 1 0 0 1 0 1 0 0 0 1 1 0 1 0 1 0 0 0 0 0 1 0 1 0 1 1 0 1 1 0 0 1 1 0 1 0 0 0 1 1 0 0 2 1 0 1
2535.25 1 4 3 3 1 2 2 2 2 1 2 3 2 1 1 1 1 0 0 0 1 1 0 1 0 1 0 1 1 0 1 1 1 0 0 1 1 0 0 1 1 1 1 0 0 1 1 1 0 1 1 0 0 1 1 1 1 0 1 0
2834.77 3 2 2 2 4 4 3 3 1 3 3 2 4 1 0 1 0 0 1 1 0 1 1 1 0 1 0 1 0 0 1 0 0 1 0 0 1 0 0 1 0 0 0 0 0 1 1 0 0 0 1 1 1 0 1 0 1 1 0 1
3366.79 3 4 4 3 4 3 2 3 4 3 2 2 4 3 0 0 0 0 0 1 0 0 0 0 0 1 1 1 0 0 0 0 1 0 0 1 0 1 0 1 1 1 1 1 1 0 0 1 0 0 1 1 1 1 0 1 3 1 1 0
3047.78 3 3 2 1 3 2 4 2 2 3 2 3 4 1 0 0 1 1 0 0 1 0 1 0 1 0 1 0 0 0 0 1 0 1 1 0 0 0 0 0 0 1 0 1 0 0 1 0 0 0 0 0 0 0 1 1 3 1 0 1
3763.39 2 3 2 4 3 4 1 3 2 3 3 1 3 3 0 0 0 1 0 1 0 0 0 0 0 1 1 1 1 1 0 0 1 1 0 0 1 1 0 0 0 1 0 1 1 1 0 1 1 1 1 0 1 0 1 0 2 1 0 1
3744.34 1 2 2 4 2 3 2 3 1 3 2 2 3 3 1 1 1 0 1 1 0 1 0 1 0 1 0 0 1 1 1 1 1 0 1 0 1 1 0 0 1 1 1 0 1 1 1 1 0 0 0 1 0 0 0 0 2 1 1 0
3262.33 1 2 2 1 1 3 3 4 2 4 1 2 4 3 0 0 0 0 1 1 1 1 1 1 0 0 1 0 1 1 1 1 0 1 0 0 0 1 0 0 1 0 0 0 0 0 0 0 1 0 1 1 1 0 1 0 2 1 1 0
3499.26 2 3 2 4 1 3 2 3 4 2 2 2 3 4 1 1 0 0 1 1 1 0 1 0 1 1 1 0 0 0 0 0 1 1 0 1 0 1 1 1 1 1 1 0 1 1 1 0 1 1 0 0 1 1 0 0 2 0 1 0
2373.42 3 2 4 4 3 3 3 3 4 1 1 2 2 3 1 0 1 0 1 0 1 1 0 0 1 0 0 0 1 0 0 1 0 0 1 0 1 1 0 0 0 1 0 0 0 0 1 0 0 1 0 1 1 1 0 1 2 0 1 0
3110.02 3 4 4 3 4 2 1 2 2 2 1 2 3 1 0 1 0 1 0 1 1 1 0 0 0 0 1 0 0 0 1 0 1 0 0 1 1 1 0 0 1 1 1 0 0 1 0 1 0 0 1 0 0 0 1 0 1 1 1 0
3571.74 2 1 1 4 4 4 1 2 3 2 4 2 2 1 0 0 0 1 1 0 1 1 0 1 1 0 0 0 0 1 1 0 1 0 1 0 1 0 0 1 1 0 0 1 0 1 0 0 1 0 1 1 1 0 1 1 2 0 1 0
4132.39 1 2 2 2 3 3 3 3 4 3 2 2 3 1 1 0 1 1 0 0 0 1 0 0 0 1 1 0 1 1 0 1 0 0 1 0 0 0 0 0 0 1 1 0 0 0 0 1 1 1 1 1 1 1 0 0 2 1 1 0
2557.90 2 3 1 1 2 1 3 3 3 2 4 3 4 3 0 0 0 0 1 1 0 1 0 1 0 1 1 0 1 1 0 0 1 0 1 0 0 0 1 1 1 1 0 1 1 0 0 1 1 1 1 0 0 1 1 1 1 1 1 0
4220.95 3 3 4 2 3 2 4 2 2 3 1 1 2 3 1 0 1 0 1 0 1 0 0 0 1 1 0 1 1 1 0 1 1 1 1 0 0 0 1 0 0 0 0 1 1 1 1 1 1 0 1 1 0 0 0 1 2 0 1 0
3460.83 2 2 2 2 2 4 4 2 1 2 3 2 3 2 0 0 1 0 1 1 1 0 1 0 1 1 1 1 0 0 1 0 1 0 0 0 0 0 0 1 1 0 0 0 1 1 1 1 1 0 1 0 0 0 0 1 2 1 0 0
2605.79 2 2 4 2 3 2 3 1 3 2 3 1 2 1 0 0 0 1 0 0 1 0 1 1 0 0 1 1 0 1 0 0 0 1 0 0 1 1 0 1 0 1 0 0 1 1 0 0 0 1 1 0 0 0 0 0 1 0 1 0
3997.41 3 3 3 1 3 2 2 3 2 3 2 2 3 2 1 1 1 0 0 0 1 0 1 0 1 0 1 0 0 0 0 0 0 1 0 0 0 1 1 1 1 1 1 0 0 0 1 1 0 1 1 1 1 1 0 0 1 1 0 1
3200.56 1 2 4 3 1 3 2 2 3 4 4 4 3 2 0 0 1 0 0 0 0 1 1 0 1 1 0 0 1 1 0 0 0 0 0 1 1 0 1 0 0 0 1 0 0 1 1 1 0 1 1 0 0 1 0 1 2 1 0 1
2715.87 2 4 4 2 3 3 3 4 1 3 4 2 2 2 1 1 1 1 0 1 1 1 0 0 0 0 0 0 1 1 0 1 0 1 1 0 1 1 1 0 1 0 1 0 1 1 1 1 0 1 1 1 1 0 1 0 2 0 1 0
3827.45 3 3 2 4 3 2 2 4 2 3 3 1 1 1 0 1 1 0 0 1 0 0 1 1 0 0 1 1 0 1 1 1 1 1 0 0 1 0 1 0 0 1 0 1 0 0 1 0 0 1 0 1 0 0 1 0 3 1 1 0
2790.89 3 2 3 3 2 3 2 2 2 2 3 4 3 3 0 0 1 1 0 0 0 0 1 0 1 1 1 1 0 1 1 1 0 0 1 1 1 0 0 0 1 0 0 0 1 1 0 1 0 1 1 0 0 1 0 1 1 0 0 1
2157.78 3 1 3 2 1 2 2 2 3 3 2 1 2 1 0 1 0 1 0 0 0 0 0 1 1 0 1 1 1 1 0 0 0 1 1 1 0 0 0 1 0 0 1 0 1 1 1 1 1 1 0 1 1 0 1 0 1 0 1 0
2478.04 3 4 2 1 3 3 2 4 4 4 4 2 3 1 0 1 1 1 0 1 0 0 0 1 1 0 1 1 1 0 0 0 1 1 0 1 1 1 1 1 1 0 0 1 1 0 0 0 0 0 1 0 0 0 1 1 2 0 0 1
2531.26 4 2 2 2 3 2 3 2 2 4 4 2 3 1 1 0 0 0 1 1 0 1 1 1 1 0 0 1 1 0 1 0 0 1 1 0 1 0 0 1 0 1 1 1 1 1 0 1 1 1 1 1 0 0 1 1 2 1 1 0
4064.17 2 3 3 2 1 4 3 3 2 2 4 3 2 2 0 0 1 0 1 1 1 1 0 1 1 1 0 1 1 1 1 1 1 0 1 1 0 1 0 0 1 1 1 0 0 1 1 1 0 1 0 1 0 0 0 0 1 1 1 0
3405.02 4 2 4 3 1 3 1 3 2 2 1 3 1 1 0 1 1 1 1 1 0 1 0 1 0 0 1 0 1 1 1 1 1 0 0 0 1 1 0 0 1 1 1 0 1 1 1 0 0 1 1 0 1 0 1 1 2 0 1 0
3744.67 3 2 2 1 3 3 4 3 3 3 2 4 3 4 1 0 1 1 1 0 1 0 0 1 1 1 0 0 1 1 1 1 0 0 0 1 1 0 0 1 0 0 1 0 1 0 1 1 0 1 0 1 1 0 1 0 2 0 1 0
3613.48 1 1 3 2 2 2 3 4 3 3 3 1 2 3 0 0 0 1 1 1 1 1 0 1 0 1 0 1 0 0 1 0 1 0 1 1 1 1 0 0 0 0 1 1 1 0 0 0 0 0 0 0 1 1 0 0 2 1 0 0
2332.66 3 4 3 3 1 1 4 3 2 2 2 4 3 4 0 0 0 1 0 1 1 0 0 0 1 0 0 0 0 0 0 0 0 0 1 1 1 1 1 0 1 0 1 1 1 1 1 1 0 1 1 1 1 0 0 0 3 1 0 1
3849.78 2 3 2 2 3 3 2 3 1 1 2 2 1 1 0 1 0 1 1 1 1 1 1 0 0 0 0 1 0 1 1 1 0 1 0 1 1 0 0 0 1 1 0 1 0 0 1 0 0 1 1 0 0 0 1 1 2 0 1 0
3100.49 3 1 3 3 2 3 3 3 3 3 2 3 2 4 1 0 0 1 1 1 0 1 1 0 0 1 0 0 1 1 0 1 0 0 0 0 0 1 1 1 1 1 1 0 1 1 1 1 0 0 1 0 1 0 1 1 2 1 1 0
2269.38 2 1 3 3 4 2 4 2 3 2 2 1 2 4 1 1 0 0 0 1 1 1 1 1 0 0 1 0 1 0 1 1 0 1 0 1 0 1 0 0 0 1 1 1 0 1 0 0 1 1 0 1 1 1 1 1 2 1 1 0
2712.84 3 4 2 3 1 3 1 1 3 3 4 4 3 3 0 0 1 0 0 1 1 0 1 0 1 0 1 0 1 1 0 0 1 0 1 0 0 0 1 0 0 1 0 0 1 1 1 0 1 0 0 0 1 0 0 0 2 1 1 0
2839.90 1 4 3 4 2 1 4 3 2 1 1 4 3 1 1 1 0 1 1 0 0 0 0 0 0 0 1 1 0 0 0 1 0 0 1 0 1 0 0 1 1 0 1 1 1 0 1 1 0 0 0 0 1 1 0 0 3 0 1 0
2575.48 3 2 1 4 1 2 1 2 3 1 3 4 4 3 1 1 1 1 1 0 1 1 0 0 1 0 1 1 0 0 1 1 0 0 1 0 1 1 0 0 1 0 0 1 0 1 1 1 1 1 1 0 1 0 1 0 3 1 1 0
2497.34 3 2 3 3 2 4 3 3 1 2 3 2 1 4 1 0 1 0 0 1 1 1 1 1 1 1 0 0 1 1 0 0 1 1 0 1 0 1 1 1 1 0 0 1 0 1 0 1 0 0 0 0 1 0 0 1 1 1 0 1
3268.12 3 2 2 2 4 1 3 2 1 4 2 4 2 2 0 0 0 1 1 1 1 0 0 1 0 0 0 0 1 0 0 1 0 1 1 1 1 0 1 0 1 1 0 1 1 0 0 1 0 0 1 0 1 0 0 0 2 0 1 0
3453.28 1 2 2 4 3 2 2 2 4 4 1 3 2 2 1 1 1 1 1 1 0 0 0 0 0 1 0 1 0 1 1 0 1 1 0 1 1 1 1 1 0 1 0 1 1 0 1 0 1 1 0 1 1 1 1 0 2 0 0 0
3470.79 4 2 2 2 1 3 2 3 2 2 4 2 2 4 1 0 0 0 1 1 0 1 0 1 1 1 0 0 0 1 1 0 1 0 1 0 0 0 0 0 1 0 1 0 1 1 0 0 0 1 1 1 0 1 0 1 2 1 1 0
2314.51 1 2 2 3 3 3 2 2 2 3 4 3 2 2 0 1 0 0 0 1 1 1 0 1 0 0 0 1 1 1 0 0 0 0 1 0 1 0 0 0 0 0 1 0 1 0 1 1 1 0 0 0 0 1 1 1 2 0 1 0
3571.78 2 1 3 3 2 1 2 2 1 3 4 2 2 1 0 1 0 1 0 0 1 1 0 1 0 1 0 0 1 0 0 1 1 0 1 1 1 1 1 1 1 0 1 1 1 0 0 0 1 1 1 1 1 1 1 0 2 0 0 1
3337.21 2 2 2 3 4 3 3 2 4 2 2 3 1 1 0 0 0 1 1 1 0 1 1 0 1 0 0 0 1 1 0 1 0 1 1 1 1 0 0 1 0 0 0 1 0 1 0 0 0 0 1 0 1 1 1 0 2 1 0 0
3988.75 4 3 2 2 1 1 1 2 4 3 3 2 2 4 1 0 0 1 1 0 1 0 1 1 1 0 1 1 1 0 1 1 0 0 0 0 1 0 0 1 1 1 0 0 1 1 0 1 1 1 1 1 1 0 1 1 1 0 1 0
3261.21 3 2 4 3 3 3 2 4 1 2 3 2 2 2 0 1 1 0 0 0 0 1 1 1 1 0 1 1 0 0 0 0 1 1 0 0 1 1 0 0 1 1 1 0 0 0 1 1 1 0 0 1 1 1 0 1 3 0 0 0
3707.12 3 3 1 4 2 4 2 3 3 3 3 2 3 2 0 0 0 1 1 0 1 0 1 0 0 1 0 0 0 1 0 0 0 0 1 1 1 0 1 0 0 0 0 0 0 1 0 1 0 0 1 0 0 0 1 1 3 0 1 0
3026.05 2 1 2 1 2 3 1 1 2 2 2 2 1 2 0 0 0 0 0 1 0 0 0 0 1 0 1 1 1 0 0 0 0 0 0 1 1 1 1 1 0 0 1 0 0 1 1 0 1 1 0 1 0 1 1 0 2 1 0 0
4256.99 2 3 3 1 4 3 1 4 4 3 3 4 2 3 1 0 1 1 1 1 1 0 0 0 0 0 1 0 1 0 1 0 1 1 0 0 0 1 1 1 0 0 0 0 0 0 0 0 1 1 0 1 1 0 0 0 3 1 1 0