2233.72 3 3 4 3 3 4 2 4 3 2 2 1 4 2 1 1 0 0 0 1 1 0 1 0 1 0 0 1 1 0 0 0 1 0 0 0 0 1 1 0 1 0 1 1 0 0 1 1 0 0 0 1 0 0 0 1 0 0 0 0 0 0 1 0 1 0 1 0 1 0 1 1 0 1 0 0 1 1 0 0 1 1 0 0 0 1 0 1 1 1 0 1 1 0 0 0 0 0 1 0 1 0 1 1 0 0 0 0 1 1 0 1 1 1 1 0 0 0 1 0 1 1 1 1 1 1 1 1 0 0 1 0 0 1 1 1 0 0 1 0 1 1 1 0 0 0 0 1 1 0 0 0 0 1 1 0 0 1 1 1 1 0 1 1 0 0 0 0 1 0 0 2 0 0 3621.04
2341.01 2 3 1 3 2 4 2 4 1 3 3 2 2 1 0 1 0 1 1 1 0 0 0 0 0 0 0 1 1 1 1 1 1 1 1 1 0 0 0 1 0 1 0 1 0 1 0 0 1 0 1 0 0 0 1 0 0 0 1 0 0 1 1 1 0 0 0 0 1 1 1 0 1 1 1 1 1 1 0 0 0 1 0 1 1 1 1 0 0 1 0 1 0 1 0 0 1 1 0 0 1 0 0 0 0 0 1 0 1 1 1 1 0 0 1 1 0 0 0 1 1 1 0 0 1 0 0 1 0 0 1 1 0 1 0 0 1 0 1 1 1 0 1 1 1 1 0 0 1 0 1 1 0 1 1 0 0 0 1 0 1 0 1 0 1 1 0 0 1 0 0 2 1 0 3939.83
2606.44 3 1 3 3 3 3 3 3 2 2 2 3 1 3 0 0 1 0 1 0 0 0 1 1 0 0 1 1 0 0 1 1 1 1 0 0 1 1 1 1 1 1 1 1 1 1 1 0 1 1 1 0 1 1 1 0 0 1 1 0 0 0 0 0 1 0 1 0 1 0 1 0 0 0 0 0 1 1 1 0 0 0 0 0 1 1 1 0 1 1 1 0 0 1 0 0 1 1 0 1 0 1 0 0 1 0 1 0 1 0 0 0 0 0 1 1 0 1 1 1 1 0 0 1 1 0 1 0 1 1 1 1 1 1 1 1 0 1 1 1 0 0 1 0 0 0 1 1 0 0 1 1 1 1 0 1 0 1 0 0 0 1 0 1 1 1 0 0 1 1 1 2 1 0 2272.43
3825.15 3 3 3 2 2 2 2 2 2 3 2 2 3 2 0 1 0 1 1 0 1 0 0 0 1 0 0 1 0 0 0 0 1 0 1 0 1 0 1 1 1 0 0 0 0 0 1 0 0 0 0 1 1 1 0 0 1 1 1 0 0 1 0 0 1 1 0 1 0 0 0 0 1 0 0 0 1 0 1 1 0 1 0 0 0 0 0 1 1 0 1 0 1 1 0 1 0 0 0 0 0 0 1 1 1 0 0 1 0 1 1 0 1 0 0 0 0 1 0 0 1 0 0 1 1 0 0 1 0 1 0 1 0 0 1 0 1 0 1 0 1 0 0 1 0 0 1 0 1 0 1 0 1 0 1 0 1 1 0 0 0 0 1 1 0 1 0 0 0 1 1 1 0 1 3126.10
3738.22 3 3 2 4 3 2 4 4 1 3 2 3 1 4 0 0 0 1 1 0 0 1 1 1 1 1 0 1 0 1 1 0 1 0 1 1 0 1 0 0 1 1 0 1 0 1 1 1 1 0 1 0 1 0 1 0 0 0 1 1 1 0 1 1 0 1 1 0 1 0 1 1 0 1 0 0 0 1 0 1 1 0 0 0 1 1 1 0 0 0 0 0 0 0 1 1 1 0 1 1 0 0 1 0 0 1 0 0 0 0 1 1 1 0 1 1 0 1 1 1 1 0 1 0 0 1 0 1 0 1 0 1 0 0 0 1 1 0 0 0 1 1 1 1 1 1 1 1 1 1 0 1 1 0 0 1 0 1 0 1 1 1 0 1 1 0 0 1 0 0 1 3 1 0 4196.02
2379.18 3 4 2 3 4 3 3 3 1 2 2 2 3 1 1 1 1 0 1 0 0 0 0 1 0 1 1 1 0 0 0 1 1 0 1 0 1 0 1 0 0 0 0 1 0 0 0 0 0 0 1 0 0 1 0 0 1 0 1 1 0 0 0 1 0 0 1 0 1 0 0 1 1 1 1 1 0 0 1 0 1 1 1 1 0 1 0 1 0 1 0 0 0 1 1 1 1 0 0 0 1 1 0 1 1 0 1 0 0 0 1 1 1 1 0 0 1 0 0 0 1 0 1 0 1 0 0 0 0 1 1 0 1 1 0 0 1 1 1 0 1 1 1 0 0 0 0 1 1 0 1 0 0 1 0 0 0 1 0 1 0 1 1 0 1 0 1 0 0 0 0 3 0 1 4032.02
2151.19 4 2 4 2 3 1 1 2 4 4 3 1 3 1 1 0 1 1 1 0 1 0 1 0 0 0 0 1 0 1 0 1 0 1 0 0 0 1 0 1 0 0 0 0 1 1 0 0 0 0 0 0 0 1 0 1 1 0 1 1 1 1 0 1 1 0 0 0 1 1 1 1 0 1 0 1 1 0 0 1 1 1 0 1 1 0 0 1 1 1 0 0 1 1 0 1 0 0 1 0 0 0 1 0 0 0 1 1 1 0 0 1 0 1 1 0 1 1 0 1 0 1 0 0 1 0 0 1 1 0 0 1 0 0 0 0 0 1 0 0 0 1 0 1 1 0 0 1 1 0 0 1 0 0 1 1 0 1 0 1 0 1 1 1 0 1 0 1 1 0 0 1 0 1 3481.67
4046.83 2 3 3 1 1 2 2 3 1 2 2 2 2 1 0 0 0 0 0 0 0 1 1 0 1 1 1 1 0 1 1 0 0 1 0 1 0 0 1 1 1 0 0 1 0 1 1 1 1 1 1 1 1 1 1 1 1 0 1 1 1 1 0 1 1 0 0 1 1 0 0 0 0 1 0 1 1 0 0 1 0 1 1 0 1 1 0 1 1 0 0 0 0 0 0 0 1 1 0 1 1 1 0 0 0 1 0 1 1 1 1 0 1 1 1 1 1 0 0 1 0 1 0 1 1 1 0 1 1 1 0 1 1 1 1 1 0 0 1 1 1 0 1 0 0 1 0 0 0 1 1 0 0 0 1 1 1 0 1 0 1 0 0 0 0 0 1 0 1 1 1 3 1 0 2477.57
3285.96 1 1 4 3 3 2 1 1 2 4 3 3 1 1 0 1 0 0 0 1 1 0 1 0 0 0 1 1 0 0 0 0 1 1 0 1 1 1 1 1 1 0 0 0 1 0 1 0 1 0 1 0 1 0 1 1 1 1 0 1 0 1 1 0 0 0 1 1 1 1 0 1 0 1 0 0 0 0 0 0 1 1 0 1 1 0 0 1 0 1 0 0 1 1 1 0 1 1 1 0 0 0 0 1 1 0 0 0 0 0 1 0 0 1 1 0 1 0 1 0 1 0 0 1 1 0 0 1 0 0 1 1 0 1 0 0 1 1 1 1 0 0 1 0 1 0 0 1 1 1 1 1 1 0 0 0 1 1 0 0 0 1 1 1 0 1 0 1 0 0 1 2 0 1 3233.43
3487.20 3 4 3 1 2 3 1 2 1 1 3 2 2 1 0 1 0 1 0 1 1 0 1 0 1 0 1 1 0 0 0 1 1 0 1 1 1 0 0 0 0 1 1 1 0 1 0 1 0 0 1 1 1 0 0 1 0 1 0 1 1 0 1 1 0 0 1 1 1 0 1 0 1 0 0 1 0 0 1 0 0 1 1 0 0 0 1 1 0 0 0 0 1 0 0 1 0 0 0 1 0 1 0 1 0 1 1 0 0 1 0 0 0 1 0 0 0 0 0 1 0 0 0 1 1 0 0 0 1 0 1 0 1 1 1 1 1 0 1 0 1 1 1 0 1 0 0 0 1 0 1 0 1 1 0 1 1 1 0 1 1 0 0 1 0 0 1 0 0 0 1 2 0 0 2988.31
3441.43 3 2 3 3 2 3 3 4 3 3 2 3 4 3 1 0 1 0 0 0 1 0 1 1 0 1 0 1 1 1 0 0 0 1 1 1 1 1 1 0 0 0 0 1 0 1 1 0 0 1 0 1 1 1 1 0 1 0 1 1 0 0 0 0 1 0 1 0 0 1 0 0 1 0 1 1 1 1 0 1 0 1 0 1 1 1 1 0 1 1 0 0 0 1 1 1 0 1 1 1 0 1 0 0 1 1 0 0 1 1 1 0 1 1 1 0 0 0 0 1 1 1 0 0 1 1 0 0 0 0 0 1 0 1 0 1 1 1 1 1 1 1 1 0 1 0 1 1 1 0 0 1 1 0 0 0 0 1 1 1 0 0 1 1 0 1 0 1 1 1 0 2 1 0 3251.15
2455.77 4 3 2 2 3 3 1 3 2 1 1 1 2 3 0 0 1 0 1 1 0 1 1 1 1 1 1 1 1 1 1 1 0 1 1 0 1 1 0 1 0 0 0 1 1 0 0 0 1 1 0 0 0 1 1 1 1 0 0 1 1 1 0 1 1 1 0 0 0 1 1 1 1 0 1 1 0 0 1 1 1 0 1 0 1 0 1 1 0 0 1 0 1 1 1 0 1 1 1 1 1 0 1 0 0 0 1 0 0 1 0 0 0 1 1 1 1 0 1 0 0 0 0 1 1 0 0 1 1 0 0 0 1 0 1 0 1 1 1 0 1 0 1 1 0 1 0 0 0 0 1 0 1 1 0 1 0 1 1 0 0 1 1 0 0 1 0 0 0 1 1 2 1 0 2334.55
4160.56 3 1 1 3 2 3 3 4 4 1 3 1 1 1 1 0 1 1 0 0 0 0 0 0 0 0 1 0 0 0 1 1 1 0 1 1 1 1 1 1 0 1 0 0 1 1 0 0 1 0 1 1 0 1 0 0 1 1 1 0 0 1 1 1 0 0 1 1 1 0 0 0 1 0 1 1 1 0 0 1 1 0 1 1 1 1 0 1 1 1 1 1 1 0 0 1 0 1 1 0 1 1 1 0 1 0 1 0 1 1 1 1 0 0 0 1 1 0 1 0 1 1 1 0 1 1 1 1 1 1 1 0 0 1 0 1 1 0 0 0 1 0 0 1 1 1 1 0 0 0 1 1 1 0 0 0 0 0 1 0 0 0 0 0 0 0 0 0 0 1 0 2 1 0 3205.32
2547.79 1 2 3 3 3 1 4 2 1 4 3 3 3 2 0 1 1 0 1 1 0 1 1 1 1 0 1 1 0 0 1 0 1 1 0 1 1 0 1 0 0 1 1 1 1 1 0 0 0 0 0 0 1 1 0 0 0 0 0 0 0 0 1 1 1 1 1 1 1 1 0 0 0 0 1 1 0 1 1 1 0 1 1 1 1 1 1 0 1 1 1 1 1 1 1 1 0 0 1 0 1 0 0 0 1 1 1 0 0 1 0 0 1 1 0 1 0 1 1 1 0 1 0 0 0 0 1 1 0 0 0 0 1 1 1 0 0 0 1 0 0 1 0 0 0 0 0 0 0 1 1 1 1 1 0 0 0 1 0 0 0 1 1 0 0 1 0 0 0 0 0 3 0 0 3674.50
3521.14 3 1 2 2 3 4 2 2 2 3 3 2 1 1 0 0 1 0 1 1 0 0 1 1 0 0 0 0 1 1 1 0 1 1 0 1 0 0 1 1 1 1 1 1 0 1 0 1 1 0 0 1 1 1 0 1 0 0 1 0 1 0 0 0 1 0 0 1 1 1 0 0 0 0 1 0 1 1 1 0 1 0 0 1 1 1 1 0 0 1 1 0 1 0 0 1 1 0 0 1 0 1 0 0 0 1 1 1 0 0 1 1 1 1 0 1 1 0 0 1 0 0 0 0 0 0 0 1 0 1 0 1 0 1 1 0 0 1 0 0 1 0 0 0 0 1 0 1 1 0 1 1 1 0 1 1 1 0 1 0 1 1 1 1 1 1 0 1 0 1 1 2 1 0 3353.62
3209.07 4 4 2 3 2 4 2 2 3 2 2 2 3 3 0 1 0 0 0 1 0 0 0 1 1 0 0 1 1 0 0 0 0 1 1 1 1 1 0 0 1 1 1 0 0 1 1 1 0 1 0 0 1 0 1 1 1 0 0 1 0 0 1 1 0 0 1 0 0 1 1 1 1 1 0 0 0 1 1 0 0 1 1 1 0 0 1 0 1 1 1 0 0 0 0 1 0 1 1 1 0 0 1 0 1 0 0 1 0 1 0 0 1 1 1 0 1 0 0 1 1 0 1 1 1 0 1 1 1 1 1 0 0 1 0 0 0 0 1 0 1 1 1 1 0 0 0 1 1 1 0 1 1 1 0 0 1 1 0 0 1 1 1 1 1 1 0 0 0 1 1 3 0 0 2602.69
3771.22 3 2 4 3 3 1 1 3 3 2 2 1 4 2 0 1 0 1 0 0 0 1 1 0 0 1 0 0 0 0 1 1 0 1 1 1 1 1 1 1 0 0 1 0 1 0 1 1 1 0 1 0 1 1 1 1 0 1 1 0 0 1 1 0 1 1 1 0 1 1 1 0 1 1 0 0 0 1 1 1 0 1 0 0 0 0 0 0 0 1 0 0 1 0 0 0 1 1 1 0 1 1 1 1 0 0 1 0 0 0 1 0 1 1 0 0 0 1 1 1 1 0 0 1 0 1 1 0 1 1 1 1 0 0 0 1 1 0 0 1 0 0 1 0 0 0 1 1 0 1 1 0 0 0 1 1 1 0 1 1 1 0 0 0 0 0 1 0 1 1 1 2 0 1 3886.89
3424.97 1 3 2 1 2 4 3 2 4 3 3 3 1 4 1 0 1 0 1 1 1 1 1 0 0 0 1 1 1 0 1 0 0 1 0 1 0 1 1 1 0 1 0 1 1 0 0 1 0 0 1 1 1 0 0 1 1 1 0 1 0 1 0 1 1 0 0 1 1 1 1 1 0 1 0 0 1 0 0 1 0 1 0 0 0 0 1 0 1 1 0 1 0 0 0 0 0 0 1 0 0 1 0 1 1 0 0 1 1 0 0 1 0 1 0 0 1 1 0 1 1 1 1 1 1 1 1 0 0 1 1 0 1 0 1 0 0 1 0 1 1 0 1 0 0 1 0 0 0 1 0 1 0 0 0 0 0 0 0 1 0 1 0 1 0 0 1 0 0 1 1 2 0 0 3121.25
3675.37 1 1 4 3 3 2 2 3 2 3 3 4 1 4 1 0 1 1 0 1 0 0 0 0 0 1 1 1 1 1 0 0 0 0 0 1 1 0 1 0 1 1 1 1 1 0 0 0 1 1 1 0 0 0 1 1 1 0 1 0 0 0 0 0 1 0 0 1 0 1 0 1 1 0 0 0 0 0 1 0 0 0 0 1 1 0 0 1 0 0 1 1 1 0 0 1 0 0 1 1 1 0 0 0 1 0 1 1 1 0 1 0 1 0 0 1 1 1 1 1 1 1 0 1 0 1 0 0 1 1 1 0 1 1 0 1 0 0 1 0 0 1 1 1 0 1 0 0 0 0 1 1 1 0 1 1 0 0 1 0 0 1 0 0 0 0 1 0 0 0 1 1 1 0 4032.88
4178.74 4 2 3 3 3 3 3 3 1 1 2 3 2 3 1 1 0 1 1 1 1 1 0 1 1 0 1 1 0 1 0 1 1 0 0 0 1 0 0 1 0 0 1 0 1 0 1 1 0 0 1 0 1 1 0 0 1 0 1 0 1 1 0 0 0 1 1 0 0 0 1 0 1 0 0 1 0 1 1 0 0 0 0 1 0 1 0 0 0 1 0 0 1 0 0 1 0 0 0 0 1 0 0 1 1 1 1 0 0 0 0 0 0 1 0 1 1 1 1 0 1 1 0 0 0 1 1 0 1 0 0 0 1 1 0 0 1 0 1 0 0 1 1 0 1 0 1 1 0 1 1 1 0 1 0 0 1 0 1 1 1 0 1 0 0 1 1 0 1 1 0 2 0 1 4004.39
2835.48 2 1 3 2 1 2 2 2 1 3 3 3 3 2 1 1 0 1 0 0 0 1 1 0 0 1 0 1 1 1 0 0 0 0 1 1 0 0 1 1 0 0 1 0 0 0 1 0 1 0 1 1 0 0 1 1 1 0 1 1 1 1 1 1 0 1 0 1 1 1 1 1 1 0 0 1 1 0 0 1 0 0 1 1 1 1 1 0 1 1 1 1 1 0 1 0 0 0 1 1 1 0 1 0 1 1 1 1 1 0 0 0 1 1 1 0 1 0 0 1 1 0 1 1 1 1 0 1 0 1 0 0 1 0 1 0 1 0 0 0 1 1 0 0 0 1 1 1 0 0 0 1 1 1 0 1 1 1 0 0 1 0 1 1 0 0 0 1 1 0 0 3 0 1 3109.20
2985.48 3 4 4 2 3 3 2 1 4 1 1 3 2 1 0 0 0 1 1 1 1 0 0 0 0 0 0 0 1 1 0 1 0 0 0 1 1 0 1 0 1 1 1 0 0 0 1 0 0 1 0 1 0 1 1 0 0 0 1 1 1 0 0 1 0 1 1 0 1 1 0 1 0 1 0 1 1 1 1 1 0 0 0 0 1 1 1 1 1 1 0 0 0 1 0 0 1 1 1 0 0 0 1 0 0 0 0 1 1 0 0 0 0 1 0 1 1 0 0 1 1 1 0 0 0 1 1 0 1 0 0 1 0 0 1 0 0 1 0 1 0 0 0 0 1 0 0 0 1 0 1 1 1 0 1 0 0 1 0 0 0 1 1 0 1 0 1 1 0 0 0 3 1 0 2828.33
3492.13 3 2 3 3 3 1 2 3 3 2 4 3 3 3 1 0 1 0 0 1 0 1 0 0 0 1 0 1 0 1 0 0 0 1 0 0 1 1 0 1 0 1 1 0 1 1 0 0 0 0 0 0 0 0 0 0 0 1 0 1 1 0 1 0 0 0 1 0 1 0 1 0 1 1 1 0 1 0 1 1 1 1 1 1 1 0 0 1 1 0 0 0 1 0 1 1 0 1 1 1 0 1 1 1 1 0 1 0 1 0 0 1 0 1 1 1 1 0 1 0 0 1 1 0 1 1 0 1 0 1 0 0 0 1 1 1 0 1 0 0 1 0 1 1 1 0 1 1 0 1 0 1 1 1 0 0 0 1 1 0 1 1 0 1 1 0 0 0 0 1 1 1 1 0 3781.45
3489.52 3 1 2 3 2 3 2 2 2 2 2 4 3 2 1 0 0 0 1 1 1 0 0 0 0 1 1 0 0 1 0 1 0 1 0 0 0 1 0 0 1 0 0 1 1 1 0 1 1 1 1 1 1 1 0 0 1 1 0 0 0 0 0 0 1 0 0 0 0 1 1 0 1 0 0 0 0 1 1 1 1 1 1 1 1 1 1 0 0 1 0 0 1 1 1 1 0 1 0 0 1 1 0 1 1 0 1 0 0 1 1 0 1 0 1 1 0 0 1 1 0 0 0 1 0 1 0 0 0 0 1 1 0 0 0 0 1 1 0 1 1 0 1 1 0 0 0 0 1 0 1 1 1 1 0 1 1 1 0 0 1 0 1 0 1 0 1 0 0 1 0 3 0 0 2545.99
2699.93 4 3 2 2 2 3 3 2 2 2 1 3 3 2 0 1 1 1 1 0 0 1 1 0 1 0 0 1 1 1 0 1 0 1 1 1 1 0 1 0 1 0 0 0 0 0 1 0 0 0 0 0 1 0 1 0 1 1 1 0 1 0 1 1 1 1 0 0 1 0 1 1 0 1 1 0 1 1 0 0 1 0 1 0 0 1 1 0 0 1 0 0 1 1 1 1 1 1 0 0 0 1 0 0 0 0 0 0 1 1 0 0 0 1 0 1 0 1 0 1 1 1 1 1 0 1 1 1 1 1 0 1 1 0 1 0 1 0 1 1 1 0 1 1 1 1 1 0 1 0 0 1 0 1 0 0 1 0 1 0 0 1 1 1 0 1 1 0 1 1 0 3 0 1 2299.09
3550.74 4 2 2 2 3 3 1 1 1 1 3 1 3 2 1 0 1 0 1 0 0 0 1 1 0 1 1 1 1 0 1 0 1 0 0 0 0 1 0 0 0 1 1 0 0 1 1 1 1 0 0 0 1 0 0 0 1 0 1 0 1 0 1 1 1 1 1 1 0 0 0 0 0 1 0 1 1 1 1 1 0 1 1 0 0 1 1 1 1 0 1 1 0 0 0 1 1 1 1 0 1 0 1 0 1 0 1 0 1 0 1 1 1 0 1 0 1 1 0 1 1 1 1 1 1 1 1 0 0 1 1 0 0 0 1 0 1 0 1 0 1 0 0 0 0 0 0 1 0 0 0 0 0 1 1 0 1 1 0 0 0 1 0 1 1 0 1 0 1 0 0 3 0 0 2250.83
2995.53 1 3 2 3 2 4 2 4 1 1 3 2 1 4 1 1 1 1 1 0 0 0 0 1 0 1 0 1 1 1 0 1 0 0 0 1 1 1 1 1 1 1 0 0 1 1 1 1 0 1 0 0 1 1 1 0 0 1 1 0 0 1 1 1 0 0 1 1 0 0 1 0 0 0 0 0 0 0 1 0 0 0 0 0 0 0 1 1 0 0 1 0 1 0 1 0 0 0 1 0 1 0 0 0 1 1 1 1 0 0 1 0 0 1 1 1 0 0 1 0 1 1 1 1 0 0 0 1 1 1 0 1 0 1 1 0 1 0 1 1 1 0 1 0 1 1 0 1 1 1 0 0 0 1 0 1 1 0 0 0 0 1 1 0 0 1 0 0 0 0 0 2 1 0 4281.58
2953.41 2 1 1 1 3 3 3 1 3 4 3 3 2 3 1 0 1 0 1 0 0 1 1 1 0 1 1 0 0 0 0 1 0 0 0 1 0 0 1 1 0 1 0 0 0 1 0 0 0 1 1 1 0 0 1 1 1 1 0 0 0 0 0 1 0 1 0 1 0 0 0 0 0 0 1 0 1 1 1 0 0 1 0 0 0 0 0 1 0 1 0 1 1 1 1 0 0 0 1 1 1 1 1 1 0 0 1 0 0 0 1 0 0 0 0 0 1 0 0 0 0 1 1 1 0 0 1 1 1 0 1 0 0 0 0 0 0 1 0 1 0 1 1 0 1 0 1 0 1 0 0 0 0 1 1 1 0 1 1 0 0 0 0 0 0 0 0 1 1 0 1 1 1 0 4159.62
4249.89 3 4 2 1 3 3 2 1 3 2 3 2 2 4 0 1 0 0 1 1 0 1 1 1 1 0 0 0 0 1 1 1 1 1 0 0 1 0 0 0 0 0 0 0 0 1 1 1 0 0 0 0 0 1 0 1 0 1 1 0 1 0 1 0 1 1 1 0 0 1 1 0 0 1 1 1 0 1 0 0 0 1 0 0 0 0 1 1 0 0 0 1 1 1 0 1 1 1 0 0 0 0 0 1 1 1 1 1 0 1 1 0 0 1 1 0 0 1 0 1 0 0 0 1 0 1 0 1 1 1 0 1 1 1 1 1 1 0 1 0 1 0 0 1 0 0 1 0 1 1 1 0 0 0 1 0 1 0 0 1 0 1 0 1 1 1 0 0 1 0 1 1 0 0 3892.99
2938.29 1 2 2 4 1 2 3 2 3 3 1 1 3 2 0 0 0 1 0 0 0 0 1 1 0 1 1 1 0 1 1 0 1 1 1 0 1 0 0 1 1 0 0 0 1 1 0 1 0 0 1 1 0 1 0 1 1 1 1 1 0 1 1 0 1 0 1 0 1 0 0 1 0 1 1 1 1 1 0 1 0 0 1 1 1 0 0 0 0 0 1 0 0 0 0 1 0 0 1 0 0 1 0 1 0 0 0 1 0 1 0 1 1 0 1 1 0 1 0 0 1 0 1 0 1 1 1 0 0 0 0 0 1 0 0 1 0 0 1 1 1 0 0 0 1 0 0 1 1 0 0 0 1 1 0 0 1 1 0 1 0 0 0 1 1 0 1 1 1 1 1 2 0 1 3421.69
4080.02 3 1 3 3 2 3 4 3 4 2 4 3 2 3 1 0 1 1 1 0 0 1 0 0 0 1 1 1 1 0 0 0 1 0 0 0 1 0 1 0 1 1 1 1 0 0 0 1 1 0 1 1 0 0 1 1 0 1 1 0 1 1 0 1 1 1 0 0 0 1 0 1 1 1 1 0 0 0 0 0 0 0 1 1 0 0 1 1 0 0 0 0 1 1 1 0 0 0 0 1 1 0 1 1 0 0 0 0 1 0 0 0 0 1 1 0 0 1 0 0 0 1 1 0 1 0 0 0 1 0 1 0 0 1 1 0 0 1 0 0 1 0 0 1 0 0 0 0 1 1 1 1 1 1 0 0 1 0 0 0 1 0 1 0 0 1 1 0 0 1 0 3 1 0 3347.33
4160.24 2 4 2 2 3 3 1 2 4 2 2 2 3 2 0 0 1 1 0 0 0 0 1 1 0 1 0 1 1 1 1 0 0 0 0 0 1 1 1 0 0 1 1 1 0 0 1 0 0 1 0 0 0 0 0 1 0 1 1 0 1 0 0 1 0 0 0 0 0 0 1 0 1 1 1 0 1 0 1 1 0 0 1 0 1 0 0 0 1 0 0 1 0 1 1 0 1 1 0 0 1 1 1 0 0 1 1 1 1 1 1 0 1 1 0 0 0 0 0 1 1 1 0 1 0 0 0 1 1 0 1 0 0 0 1 0 1 1 0 0 0 0 0 0 1 1 1 0 0 1 1 0 0 0 1 1 0 0 0 0 0 1 1 1 1 1 1 0 0 1 1 3 1 0 2651.58
2686.83 1 2 3 2 3 2 2 3 3 3 3 3 3 1 1 1 1 1 1 1 0 1 0 0 1 0 0 1 0 1 1 1 0 1 1 1 1 1 0 0 1 1 1 1 1 0 0 0 0 1 1 0 1 0 1 1 1 1 0 1 1 0 0 0 1 1 1 0 0 0 1 1 0 1 0 1 1 1 1 0 1 0 1 0 0 1 0 1 0 0 1 0 1 0 1 1 0 0 0 1 0 0 0 0 0 0 1 1 0 0 0 0 0 1 1 1 1 0 0 0 1 1 1 1 1 0 1 0 1 0 1 0 1 0 0 0 0 0 1 1 0 1 1 0 0 1 1 1 0 0 1 1 1 0 1 1 1 0 1 0 1 1 1 1 0 1 0 0 0 0 1 1 1 0 2565.74
3693.76 4 1 3 2 1 2 2 2 3 1 4 2 1 2 1 1 1 0 1 0 0 1 1 1 0 0 0 0 0 0 1 0 1 1 0 1 0 0 0 1 0 1 0 1 0 1 0 1 1 0 1 1 1 1 0 0 0 1 0 0 0 0 1 1 1 0 1 0 1 1 0 0 1 0 0 0 0 0 0 1 1 0 1 0 0 0 0 0 0 0 1 0 0 1 0 1 0 0 0 0 0 0 1 1 0 1 1 0 0 1 0 1 1 1 1 1 1 1 1 0 1 1 0 0 0 1 0 0 1 1 0 1 1 1 1 0 1 1 0 1 1 1 0 0 0 0 1 0 0 1 0 0 0 0 1 0 1 0 1 1 0 0 1 1 0 1 1 0 1 1 0 2 0 0 2750.44
3683.13 2 2 3 2 4 1 2 3 3 3 4 2 1 1 0 1 1 1 0 0 0 1 1 1 0 0 0 0 1 1 1 1 1 1 1 1 0 1 0 0 1 0 1 0 1 0 0 0 0 0 1 0 0 0 0 1 1 0 0 0 1 1 1 1 0 0 0 0 1 1 1 1 1 0 0 1 0 1 0 0 1 0 1 1 0 0 0 0 0 0 1 1 1 1 1 0 1 0 0 1 1 1 1 1 1 1 1 1 1 1 1 1 0 1 1 0 1 0 1 0 0 0 1 0 0 0 0 1 1 0 1 1 1 0 0 1 0 1 1 0 0 0 1 1 1 1 0 1 1 1 0 1 1 1 0 0 1 1 0 0 1 1 0 0 0 1 1 1 0 0 0 3 1 0 2818.30
2416.39 3 4 4 1 4 3 2 4 4 3 1 2 3 3 0 0 0 0 0 0 1 0 1 1 1 0 1 1 0 1 0 1 1 0 1 0 0 0 0 1 0 1 0 0 1 1 0 1 1 0 1 0 0 1 0 1 1 1 0 1 0 0 1 1 1 1 0 0 0 0 0 0 0 1 0 0 1 0 0 0 1 0 0 1 1 0 1 1 1 0 0 1 1 1 0 1 0 1 0 0 1 0 0 1 0 0 0 0 1 1 0 1 0 1 0 1 1 0 1 1 0 0 0 1 0 0 0 0 1 1 0 1 1 1 1 1 1 1 0 0 0 1 1 0 0 1 1 1 1 1 0 1 0 1 1 0 0 0 1 0 1 1 1 1 1 0 1 1 1 0 0 1 0 1 3913.83
2659.15 3 2 4 1 3 3 4 3 2 3 1 1 2 1 0 0 0 0 1 1 1 0 0 1 1 1 1 0 0 1 1 1 0 1 1 1 1 0 1 0 0 1 1 0 1 0 0 0 1 1 0 1 1 1 1 1 1 1 0 1 0 0 0 0 0 0 0 0 1 1 1 1 0 0 1 1 1 0 1 1 0 1 0 1 1 0 1 0 0 1 0 0 1 0 1 1 1 1 1 0 1 0 1 1 1 1 0 0 0 1 1 1 1 0 1 0 1 0 1 1 1 1 1 0 0 1 1 0 0 1 1 0 0 0 1 1 0 1 0 1 0 1 1 0 0 0 0 0 1 0 0 1 0 0 1 0 1 0 1 0 1 1 0 0 1 0 1 1 0 1 1 1 1 0 2921.53
2507.10 2 2 2 1 1 1 2 2 1 3 4 3 2 2 1 0 1 0 0 0 1 1 1 0 0 1 1 1 1 1 1 1 0 0 0 1 0 0 0 1 1 1 1 0 1 1 0 1 1 1 1 0 0 0 0 0 0 1 0 0 1 0 1 0 0 1 1 1 1 0 0 1 1 1 0 0 1 1 0 0 0 1 0 1 1 1 0 0 1 0 1 1 0 1 0 1 1 1 1 1 0 1 0 0 1 1 1 1 0 0 0 0 1 0 1 0 1 0 0 0 1 1 1 1 1 1 1 0 1 0 0 1 0 0 1 1 1 1 0 1 0 0 0 1 1 0 1 0 1 1 1 0 0 1 0 1 1 0 0 1 1 1 1 1 0 0 0 1 1 1 1 2 1 0 3415.45
2672.89 2 3 2 2 2 3 2 1 1 4 2 3 4 2 1 0 0 0 1 1 0 0 0 0 0 0 1 1 1 1 0 0 0 1 0 0 0 0 0 1 0 0 1 0 0 0 1 0 0 0 0 0 1 1 1 1 0 1 1 1 0 1 0 0 0 0 0 0 0 1 1 0 0 0 0 1 1 1 0 1 0 1 0 0 0 1 0 0 0 1 1 0 0 0 0 1 0 1 0 0 0 0 1 1 1 1 0 0 1 0 1 0 0 1 0 0 0 1 0 1 1 0 0 1 1 0 1 0 1 1 0 0 1 0 1 0 1 1 1 1 0 0 1 0 1 1 0 0 1 0 1 0 1 0 0 0 1 1 0 1 0 1 1 0 0 1 0 0 1 0 0 1 1 0 2787.15
2723.92 3 2 1 3 2 2 3 3 2 2 3 4 2 4 0 1 0 0 1 0 0 0 1 0 1 0 1 1 0 0 1 0 1 1 1 1 0 0 0 0 0 0 1 1 0 1 1 1 1 1 1 1 0 0 0 1 1 0 0 1 0 1 0 0 1 1 0 1 0 1 1 1 1 1 1 0 0 0 1 0 1 1 0 0 1 1 0 1 0 1 0 1 0 1 1 0 1 0 0 0 1 1 0 1 0 1 1 1 1 1 0 0 1 0 1 1 1 0 1 1 0 0 0 1 0 0 1 0 1 0 1 0 0 1 1 0 0 1 0 0 1 0 1 1 0 1 1 0 0 1 0 0 0 0 0 1 1 1 0 0 0 0 1 0 1 0 1 0 1 1 1 1 1 0 2524.48
3732.60 2 2 1 4 4 2 3 2 3 3 3 2 2 1 0 1 1 1 1 0 1 1 0 0 1 0 1 0 0 1 0 1 0 0 1 1 0 1 1 1 1 0 1 0 0 0 1 1 1 0 0 0 1 0 1 0 1 0 1 1 0 1 0 1 1 1 1 0 1 1 1 1 1 0 1 1 1 1 1 1 1 0 0 1 1 0 0 0 0 1 0 1 1 1 0 1 0 1 0 1 1 0 0 0 0 0 1 0 0 1 0 1 1 1 0 1 0 0 1 0 1 0 0 1 1 0 1 0 1 1 1 1 0 0 1 1 1 0 0 0 1 0 0 0 0 1 1 1 0 1 0 0 0 1 0 1 1 0 0 1 1 1 0 0 0 1 1 0 1 1 0 2 1 0 3884.26
3273.71 3 2 2 2 2 1 3 1 3 3 1 1 3 2 0 0 1 1 1 1 1 1 1 1 0 0 1 0 0 1 1 1 0 0 1 0 0 1 1 1 1 1 1 1 0 0 0 0 0 1 1 0 1 0 0 0 1 0 1 1 0 0 0 0 0 1 1 0 0 0 0 1 1 1 1 1 0 0 1 1 0 0 1 1 1 1 1 0 0 1 1 0 0 1 1 0 0 0 0 1 0 0 0 1 0 0 1 0 0 1 1 0 0 0 1 0 0 0 0 1 1 1 1 0 1 0 0 0 1 0 0 0 0 0 1 0 1 0 0 1 1 0 0 1 1 0 0 0 0 1 0 1 0 0 1 1 0 0 0 0 0 1 1 0 0 0 0 0 0 1 1 2 0 1 3691.52
2288.35 1 1 3 3 2 4 3 3 3 1 1 2 1 1 1 0 0 0 1 0 0 0 1 0 1 1 1 0 1 0 1 1 0 0 1 0 0 1 0 1 0 0 0 0 1 0 1 0 1 0 0 0 1 1 0 0 0 1 1 1 0 0 0 1 1 1 1 0 1 0 0 0 1 0 1 0 0 1 1 1 0 0 0 1 0 0 0 0 1 0 0 0 1 0 1 0 1 1 1 0 1 0 0 1 0 0 0 1 0 0 0 1 0 1 1 0 0 1 1 1 0 0 0 0 1 1 0 0 1 1 0 0 1 1 1 0 0 1 0 1 0 0 0 1 0 1 1 1 1 0 1 1 1 1 1 1 0 1 0 1 1 1 0 0 0 0 1 0 0 1 0 3 1 0 2604.22
3341.81 3 2 3 4 4 2 4 4 4 1 4 3 3 4 1 1 1 1 0 1 1 1 1 0 0 0 1 1 0 0 0 1 0 0 0 1 1 1 0 0 1 0 0 1 0 1 1 0 1 0 1 0 1 1 1 0 1 0 0 0 1 1 1 0 1 0 1 1 0 0 1 1 0 0 1 0 0 1 0 1 0 1 0 0 1 0 0 0 1 1 1 0 1 1 1 1 0 0 0 0 0 0 1 1 0 0 1 0 1 1 0 1 0 0 1 1 0 0 0 0 0 0 1 1 0 1 0 1 1 1 1 0 1 1 0 0 1 0 0 1 0 1 0 0 1 1 0 1 0 0 1 0 1 0 1 0 1 1 0 0 1 1 1 1 1 0 1 1 0 1 0 1 0 1 4286.04
3335.31 3 4 4 4 2 4 4 3 4 4 2 3 1 1 0 1 0 0 0 0 1 0 0 1 0 1 0 1 0 0 0 1 0 1 1 0 1 0 1 0 1 0 0 1 1 0 1 1 0 1 0 1 0 1 0 0 1 1 0 0 1 0 1 1 1 1 1 0 0 0 1 1 0 0 1 0 1 1 1 1 0 0 0 0 1 0 1 1 0 1 1 0 1 1 0 0 0 1 0 1 0 0 0 0 0 0 1 0 1 1 1 0 1 1 1 1 0 1 0 0 1 0 1 1 0 1 1 0 0 0 1 0 1 1 0 0 0 1 0 1 0 1 1 0 0 1 1 0 0 0 1 1 0 1 0 1 1 0 1 1 0 1 0 1 1 0 1 1 1 0 0 1 1 0 2447.65
4285.72 4 1 2 3 2 2 2 2 3 2 2 2 1 3 1 1 0 1 1 1 0 1 1 1 1 0 0 0 1 0 1 0 0 0 0 1 1 1 1 1 0 1 0 1 1 0 1 0 0 0 1 0 0 0 1 0 1 1 0 0 0 0 0 0 1 1 1 0 0 1 1 0 1 1 1 0 0 0 1 0 0 0 0 0 1 0 0 1 1 1 1 1 0 0 0 1 1 1 1 0 1 1 0 0 1 0 0 0 1 0 1 0 1 1 0 0 0 0 1 1 1 0 1 1 1 1 1 1 0 0 1 0 0 1 0 1 1 0 1 1 0 1 0 0 1 0 0 0 1 0 0 1 1 0 0 1 0 0 1 0 0 1 1 0 1 0 0 0 1 0 0 1 1 0 2238.53
4041.20 1 2 1 3 2 4 2 2 4 4 2 3 3 2 1 1 0 1 1 0 1 1 0 1 1 0 0 1 1 0 1 1 0 0 0 1 1 0 1 0 1 0 0 0 0 1 1 1 1 1 0 1 1 0 0 1 0 0 0 1 1 0 0 1 0 0 0 0 1 1 1 1 0 1 1 0 1 1 0 1 1 1 0 0 0 0 0 1 0 1 0 0 1 1 0 1 0 0 1 1 1 0 0 1 0 0 1 1 1 0 0 1 1 0 0 1 0 0 1 0 0 1 1 1 0 1 0 0 1 1 0 1 0 1 1 1 1 1 1 0 0 1 0 0 1 0 1 1 1 0 1 1 0 1 1 1 0 1 0 1 1 0 0 1 0 0 1 1 1 1 0 2 0 1 2516.22
2910.79 4 1 1 2 2 3 3 4 2 3 2 1 4 2 1 0 0 1 1 0 0 0 0 0 0 1 0 0 0 1 0 0 0 1 0 1 0 1 1 0 1 1 0 1 1 0 1 1 0 0 1 1 0 0 0 1 0 1 0 0 1 1 0 0 1 0 1 1 1 1 0 1 1 1 0 1 1 0 0 0 0 1 1 1 1 0 0 1 1 1 1 1 1 1 1 0 0 1 0 1 1 0 1 0 0 1 1 1 0 0 1 0 1 1 1 0 0 1 1 0 0 1 1 0 0 1 0 0 0 0 0 0 1 0 1 1 1 1 0 0 1 0 1 0 1 1 1 0 0 1 1 1 0 1 0 1 0 0 0 1 1 1 1 1 0 0 1 1 1 0 1 1 0 1 3417.73
2218.48 2 1 1 2 4 3 3 2 1 1 2 1 4 3 0 1 1 0 1 0 1 1 1 0 1 0 1 1 1 1 0 0 1 1 0 0 1 0 1 0 1 1 1 1 1 1 0 1 0 1 1 1 0 1 1 1 1 1 0 1 1 0 0 0 0 1 0 0 1 0 1 1 1 0 0 0 1 1 1 1 0 1 1 1 1 1 1 0 0 1 1 0 0 1 0 1 1 1 1 0 1 0 1 0 1 1 1 1 0 1 0 1 0 0 1 1 0 0 1 0 0 0 0 1 1 1 1 1 0 1 0 1 1 0 1 1 0 0 1 1 1 1 1 1 0 1 0 0 1 1 0 0 0 0 0 1 1 0 1 0 1 1 1 1 0 0 1 1 0 1 1 2 0 0 3500.97
2985.32 3 3 4 2 3 2 2 1 2 1 2 3 2 3 0 1 1 0 0 0 0 0 1 1 0 0 0 0 1 0 0 1 1 1 1 1 1 0 0 1 1 1 0 0 1 1 0 1 1 1 1 1 0 0 1 0 0 1 0 0 1 0 0 1 1 0 0 1 1 0 0 0 1 0 0 1 1 1 1 1 0 1 0 0 1 0 0 1 0 0 1 0 0 1 1 0 0 1 0 0 0 0 0 0 0 0 1 1 0 0 0 0 0 1 1 1 0 0 1 0 1 0 1 1 0 1 1 0 0 1 1 1 0 0 0 0 1 0 0 1 0 1 0 1 0 1 1 1 1 1 1 1 1 0 0 1 1 0 1 0 0 0 1 1 0 1 1 1 0 0 1 2 1 0 2827.56
2357.76 3 1 2 2 2 4 1 2 1 1 2 1 2 3 0 0 1 0 1 0 1 0 0 1 1 1 0 1 0 0 0 1 0 1 0 1 0 0 0 1 1 0 0 1 0 0 0 0 1 0 1 1 1 0 1 1 0 1 1 1 1 1 0 0 0 0 0 0 1 0 1 1 0 0 1 0 0 0 1 1 0 0 1 0 1 0 1 0 1 0 1 0 1 0 0 1 1 0 0 0 0 1 0 1 1 0 0 1 0 0 0 1 0 1 0 1 1 0 0 0 0 1 1 1 0 0 1 1 1 1 1 1 0 0 0 1 0 0 0 0 0 1 1 0 0 0 1 0 1 0 0 0 0 1 1 1 0 1 1 0 0 0 0 0 0 0 0 1 1 0 1 2 1 0 2608.11
4184.01 2 3 4 3 3 2 2 1 3 3 2 3 4 3 0 0 1 0 1 1 0 1 0 1 1 1 0 0 1 1 1 0 1 1 1 1 0 0 1 0 0 0 0 1 1 1 1 0 1 1 1 0 1 0 0 1 1 1 1 1 1 1 0 0 1 1 1 1 1 1 1 1 0 1 1 0 1 0 0 0 1 0 1 0 0 0 0 1 0 0 0 0 0 1 0 1 1 0 0 1 1 0 1 0 0 0 0 0 1 1 0 1 0 1 1 1 0 1 0 1 1 0 1 0 0 0 1 0 1 1 1 1 0 1 0 1 0 1 0 1 1 1 1 1 1 1 1 1 1 1 1 0 1 0 1 1 0 1 0 0 1 0 1 1 0 1 1 1 1 0 1 3 1 0 3942.75
2618.17 3 2 4 1 3 2 3 2 4 3 4 3 3 4 0 1 1 1 1 1 1 0 0 0 1 0 0 1 0 1 1 0 0 1 1 1 1 0 1 1 0 1 0 0 1 0 0 1 1 0 1 0 1 0 0 0 0 0 0 0 0 0 0 0 0 1 0 0 1 0 1 0 1 1 0 1 0 0 0 0 1 0 1 1 0 0 0 1 1 1 0 1 1 0 1 0 0 0 1 1 1 1 0 1 1 1 0 0 0 0 1 0 1 1 1 1 1 1 1 1 1 0 1 1 1 1 1 0 1 1 0 0 0 0 0 0 1 0 1 1 1 1 0 1 1 0 0 0 0 0 1 1 1 1 0 0 0 1 0 0 0 1 1 0 0 0 0 1 1 1 0 2 0 0 4089.75
2230.89 3 4 2 1 4 3 2 4 3 3 4 1 1 3 0 0 0 0 0 0 0 0 1 0 1 1 1 1 0 0 1 0 0 1 0 0 1 1 1 1 1 1 1 0 1 0 1 0 1 1 1 1 0 1 0 0 1 0 1 0 1 0 0 0 0 1 0 1 0 0 1 1 0 0 1 1 0 1 1 1 1 0 0 1 0 1 1 1 0 0 1 0 0 0 1 1 1 1 0 1 1 1 1 1 1 1 0 1 0 1 0 1 0 0 1 0 0 1 1 1 0 0 0 0 1 1 1 1 0 0 0 1 0 1 1 1 1 1 1 0 0 1 1 1 1 1 0 0 0 0 1 0 1 1 1 0 0 1 1 0 0 0 0 0 1 0 1 1 0 1 0 3 1 0 3420.02
2664.72 4 2 1 1 2 4 2 2 1 2 2 2 3 2 0 0 1 0 0 1 1 0 1 0 1 1 1 1 1 0 0 1 1 0 0 1 1 1 1 1 1 1 1 1 0 1 0 1 1 0 1 1 1 0 1 1 0 1 1 0 1 0 1 0 0 0 0 0 1 0 1 0 1 0 1 1 0 0 1 0 1 1 0 1 0 1 0 0 0 1 0 1 0 1 1 1 1 1 1 0 1 0 1 1 1 1 1 0 1 0 0 0 1 0 0 0 1 1 1 0 0 1 1 0 0 1 0 1 1 0 0 0 1 1 0 0 1 1 1 0 1 1 1 1 0 0 0 1 1 0 0 1 0 1 0 1 0 1 1 0 0 0 0 0 0 1 0 1 0 0 1 1 1 0 3704.05
2507.75 2 4 3 4 3 3 4 3 1 2 4 3 2 2 0 0 1 1 1 1 1 1 0 1 1 1 0 1 0 0 1 0 1 0 1 0 1 0 1 0 1 0 1 1 1 1 1 0 1 1 0 0 0 0 0 1 0 0 0 1 1 0 1 0 1 1 0 1 0 1 1 0 1 0 0 1 1 1 0 0 0 1 1 0 0 0 1 1 0 1 0 1 0 0 1 0 1 0 0 1 0 0 1 1 1 0 1 0 1 0 1 0 1 0 0 1 1 0 1 0 0 1 1 0 0 1 0 0 1 1 0 1 1 1 0 0 0 0 0 0 1 1 1 0 1 1 1 1 1 1 0 1 0 0 1 1 0 0 0 0 1 1 0 0 1 1 0 1 0 1 1 2 1 0 3680.25
4065.73 2 1 3 2 2 3 3 2 4 2 3 2 2 2 0 1 1 1 0 1 0 1 1 0 0 0 1 1 0 1 1 1 0 1 0 0 0 1 1 1 0 0 0 1 1 1 1 1 1 0 0 1 0 1 1 1 1 0 0 0 1 1 0 1 0 1 1 0 1 1 0 0 0 0 0 0 0 0 0 1 1 0 1 1 0 1 1 0 1 0 0 1 1 1 1 1 1 0 0 1 0 0 0 1 0 1 0 1 0 0 0 1 1 0 1 1 0 1 0 1 1 0 0 0 0 1 1 1 0 0 0 0 1 1 0 1 0 0 1 1 1 1 1 1 1 1 1 1 0 0 1 1 0 0 1 0 1 0 0 0 1 1 0 1 1 0 1 0 1 1 0 2 1 0 3881.29
3238.76 3 1 2 1 3 3 2 1 4 3 2 2 3 3 1 1 0 0 1 1 1 1 1 0 1 0 0 0 1 1 1 1 1 0 1 1 1 0 0 0 1 1 0 0 0 1 0 0 0 0 0 1 0 1 1 0 1 1 1 1 1 0 0 1 1 0 1 1 0 0 0 0 1 1 0 0 1 0 1 1 1 0 0 0 0 0 0 1 1 1 0 0 1 1 1 1 1 1 0 1 1 0 1 0 1 1 1 0 1 1 0 0 1 0 1 0 1 0 1 1 0 1 1 0 0 1 0 1 1 0 1 1 1 1 1 0 1 0 0 1 0 1 0 0 0 1 1 1 1 1 1 0 1 0 0 1 1 1 0 1 1 1 1 1 0 0 0 1 1 1 0 3 0 1 2990.79
2507.64 2 1 2 3 2 2 3 2 1 2 3 2 2 4 1 0 1 0 0 1 0 0 1 1 1 0 1 0 1 0 1 0 0 0 1 0 1 0 0 1 0 0 0 1 0 0 0 0 0 0 0 0 1 0 1 1 0 1 0 0 0 1 1 0 0 0 0 0 1 1 1 0 1 0 0 0 1 0 1 0 1 1 0 0 0 0 1 1 1 0 0 0 1 1 1 1 0 1 0 1 1 1 1 0 1 0 0 1 0 0 0 0 0 0 1 1 1 0 0 0 0 0 0 1 1 1 0 0 0 0 1 0 0 0 1 1 1 0 1 0 1 1 0 1 1 1 0 0 0 1 0 1 0 1 1 1 0 1 0 1 1 0 1 1 0 1 1 0 1 1 1 3 1 0 3045.37
3467.04 3 1 2 3 1 1 4 2 3 2 2 3 3 3 0 0 1 0 1 1 0 1 0 0 0 1 0 0 1 1 1 1 1 1 1 0 1 1 1 1 1 0 1 1 1 1 0 0 0 0 0 0 0 1 0 1 0 0 0 0 0 1 0 1 0 1 1 0 1 1 1 0 0 1 0 1 0 1 0 1 1 1 0 0 1 1 0 0 0 0 1 0 0 0 0 1 1 0 1 0 0 1 1 1 1 0 1 1 1 1 0 1 0 1 0 1 0 0 0 0 0 1 0 1 0 0 1 1 1 1 0 1 0 1 0 0 1 1 1 1 0 1 0 0 0 0 1 1 1 1 1 0 1 0 1 1 0 0 1 1 1 0 0 0 0 1 0 1 1 0 1 2 1 0 4007.87
2694.68 2 2 2 2 1 1 2 2 1 2 3 2 1 4 0 1 0 1 0 1 0 1 0 0 1 0 0 1 0 1 0 1 0 1 1 0 0 0 1 0 0 1 1 0 0 0 0 0 1 1 1 0 1 0 1 0 1 1 1 1 0 1 0 1 1 1 1 0 0 0 0 0 1 0 0 1 1 1 1 0 1 0 0 1 0 0 1 1 0 1 0 1 1 1 0 0 0 1 1 0 0 1 0 0 1 1 0 0 0 1 0 1 1 1 1 1 1 1 1 1 1 1 1 0 1 0 1 1 0 1 0 0 1 0 1 1 0 0 0 1 1 1 1 0 0 1 1 1 0 1 1 0 0 1 0 0 0 0 0 0 0 0 1 1 1 1 1 0 0 1 1 1 0 1 3225.69
3990.96 3 2 4 3 3 3 4 4 2 3 2 3 1 4 0 0 1 1 1 1 1 0 0 0 1 1 1 1 1 1 1 1 0 1 1 0 1 0 0 1 1 0 0 0 1 0 0 1 1 1 1 0 0 0 1 1 0 0 1 0 1 1 1 1 0 1 0 1 0 1 1 1 0 0 0 1 0 1 0 0 0 1 0 0 0 1 0 1 1 0 0 1 0 1 0 0 0 0 1 0 1 1 0 0 1 0 0 1 0 0 0 1 1 1 1 0 1 0 0 1 0 0 1 0 1 1 1 0 1 1 0 1 0 0 1 1 0 1 0 0 1 1 0 0 0 1 0 1 0 0 1 0 1 1 1 1 0 1 1 1 1 1 1 0 0 0 1 0 1 0 0 3 0 0 2716.79
3088.46 4 2 3 1 4 3 1 2 2 2 1 3 3 3 0 0 0 1 0 0 0 0 1 1 0 1 1 1 1 1 1 1 0 1 0 1 1 1 1 1 0 1 1 1 1 0 1 0 1 0 0 0 1 1 0 0 1 0 1 1 1 0 1 1 0 0 1 1 1 0 1 0 0 1 0 0 0 0 0 0 0 0 0 1 0 1 0 1 0 1 0 1 1 1 0 1 0 1 0 0 1 0 0 0 1 0 1 0 1 1 1 0 0 0 1 0 0 1 0 0 1 1 0 0 1 0 0 1 1 0 0 1 0 1 1 0 1 1 0 0 1 0 1 0 0 0 0 1 1 0 1 1 1 1 0 0 1 1 1 1 0 0 0 1 1 1 0 1 1 0 0 2 0 1 3658.30
2215.23 4 1 3 3 1 4 1 2 3 2 2 4 3 2 0 0 1 1 1 1 1 0 0 0 1 1 0 0 1 0 0 1 0 1 0 0 1 0 1 1 1 1 0 0 1 0 0 1 1 0 0 1 0 1 0 1 1 0 0 0 0 0 0 0 1 1 0 0 1 1 1 1 0 0 0 0 1 0 0 0 0 1 1 0 0 0 1 1 1 1 1 0 1 1 1 0 0 0 0 1 1 1 0 1 1 1 1 0 0 0 0 1 0 0 0 1 1 1 0 1 0 0 1 1 0 1 0 0 0 1 0 1 1 1 0 0 0 0 1 0 0 1 1 0 0 0 0 1 0 0 0 1 0 0 0 0 1 0 1 1 1 1 1 0 1 0 0 0 1 1 0 2 1 0 2372.73
3541.18 2 2 3 2 1 3 2 1 3 1 2 1 2 4 1 1 1 1 1 0 0 0 0 0 0 1 0 0 1 1 1 0 0 1 0 0 0 0 1 0 1 1 0 0 1 0 1 0 1 0 1 0 0 0 0 1 0 0 0 1 0 0 1 0 0 1 1 0 1 1 1 0 0 0 1 0 1 0 0 0 0 0 1 1 0 1 0 0 1 0 1 1 0 1 0 0 1 0 0 1 0 1 1 1 0 0 1 1 1 0 1 0 1 0 0 0 0 0 1 1 1 0 0 0 0 1 0 0 1 0 1 1 1 1 0 0 0 1 1 0 1 0 1 0 1 0 1 0 0 1 0 0 1 0 0 0 1 1 0 1 1 1 1 0 1 0 1 1 0 0 0 1 0 1 4101.71
2416.19 2 4 3 2 2 4 2 2 2 3 3 2 3 2 1 1 1 0 1 1 0 0 0 1 0 0 0 1 1 0 0 1 0 1 0 1 1 1 0 0 1 0 0 1 0 1 0 0 0 0 0 1 1 0 0 0 1 1 0 0 1 0 1 0 1 0 1 0 0 0 1 1 0 1 1 0 0 0 0 0 1 1 1 0 1 1 0 1 0 1 0 1 0 0 1 1 1 0 0 1 1 1 0 0 0 0 0 1 1 1 0 1 1 1 1 1 1 0 1 0 1 1 1 0 1 0 1 1 0 1 0 0 0 1 0 1 1 1 0 0 1 1 0 1 1 1 0 1 1 0 1 0 0 0 1 1 0 1 1 0 1 0 1 1 0 1 0 1 1 1 1 1 0 1 2724.42
3237.95 2 4 4 3 2 3 3 4 1 3 2 3 2 2 1 1 1 0 1 0 1 1 1 0 0 0 0 1 1 1 1 1 1 0 1 1 1 0 0 0 1 0 0 0 0 0 0 0 0 1 0 0 0 0 1 0 0 1 1 0 0 0 0 0 1 0 0 1 1 1 0 1 1 0 1 1 0 0 0 1 0 0 0 1 1 0 1 1 0 1 1 0 1 0 1 1 0 1 1 1 0 1 1 1 0 0 0 1 1 0 1 1 0 1 1 0 1 0 0 1 0 1 1 0 0 0 1 1 0 0 1 1 0 0 1 1 1 1 1 1 1 0 0 1 0 1 1 0 0 1 0 0 0 0 0 0 1 0 0 1 0 1 0 1 0 0 0 0 1 0 0 2 1 0 2819.10
3474.74 2 1 4 3 2 2 1 3 1 2 2 3 3 2 1 1 0 0 1 0 0 0 1 1 1 0 0 0 1 0 1 0 0 0 0 0 1 1 0 1 1 0 0 0 1 1 0 0 1 1 0 0 0 0 0 0 1 1 0 0 0 0 1 0 0 1 0 1 1 1 1 0 1 1 0 0 1 1 1 1 0 1 1 0 0 0 1 1 1 0 0 1 1 0 0 0 0 1 0 1 1 0 0 0 0 1 0 1 1 1 1 1 0 0 1 1 0 1 1 1 1 1 0 1 1 0 1 0 0 1 1 0 1 0 1 1 0 0 0 1 0 1 1 0 1 1 1 1 1 0 1 1 0 1 0 0 0 0 0 1 0 1 0 0 1 0 0 0 1 1 1 2 1 0 2583.70
2151.79 2 2 1 3 3 2 3 1 4 2 1 3 3 3 0 0 1 1 1 1 1 1 0 0 1 0 0 1 1 0 1 0 1 1 0 1 1 0 0 0 0 1 1 1 1 0 0 0 1 0 1 0 0 1 1 0 0 0 0 1 0 1 1 0 1 0 1 0 1 1 1 1 1 1 1 1 0 0 1 0 1 1 0 1 0 0 0 1 0 1 1 0 1 0 0 1 1 1 0 0 1 1 0 0 1 0 1 0 0 1 1 0 0 1 0 0 0 1 1 1 1 0 0 1 0 1 0 1 0 1 0 1 0 0 1 1 1 0 0 1 1 1 0 1 0 0 0 1 0 1 0 1 0 0 1 1 1 0 1 1 1 0 1 1 0 1 0 0 1 1 1 2 0 0 2421.23
2163.22 4 3 2 3 3 4 3 3 2 2 3 4 3 2 0 0 1 1 1 1 1 0 1 0 0 1 0 1 1 1 1 1 0 0 0 0 0 0 0 0 0 1 1 0 1 1 0 0 1 1 0 0 1 0 1 1 1 0 0 1 0 0 0 0 0 1 1 0 0 1 1 0 1 1 1 1 1 1 0 1 0 1 0 1 0 1 1 0 1 1 1 0 1 0 1 1 1 1 1 0 0 1 1 0 1 0 0 1 1 0 0 1 1 1 0 1 0 0 0 1 1 1 0 1 1 0 0 1 0 0 1 0 1 0 0 1 1 0 1 0 1 0 0 0 1 0 1 1 0 1 0 1 0 1 0 1 1 1 1 1 1 0 1 1 1 1 1 0 1 1 0 2 1 0 2482.93
2442.23 2 3 2 3 2 2 3 1 3 4 4 3 4 4 1 0 0 0 0 0 0 1 1 1 1 1 1 0 0 1 0 0 1 1 1 0 0 1 1 0 0 0 1 0 1 1 1 0 1 1 1 0 1 1 1 1 1 0 1 0 1 0 0 0 0 1 1 1 0 0 1 1 1 1 0 1 1 1 0 1 0 1 0 0 0 1 1 0 1 0 1 0 0 1 0 0 0 0 1 0 0 0 0 1 0 0 0 1 0 1 0 0 0 1 0 1 0 1 1 1 1 1 0 0 1 1 1 0 0 0 0 1 0 1 1 0 1 0 1 1 0 0 1 1 0 1 1 0 1 1 1 1 1 1 0 0 1 0 1 0 1 1 1 1 1 1 1 0 1 1 1 1 1 0 2529.72
3023.21 3 3 2 3 3 3 1 2 1 3 3 2 2 2 0 1 1 1 0 1 0 0 0 1 1 1 0 1 0 1 0 0 1 0 1 0 1 0 0 0 1 0 0 0 1 0 1 1 0 0 1 1 1 1 0 0 0 0 1 1 0 0 0 1 0 0 0 1 1 1 1 1 1 0 1 0 0 1 0 0 1 1 0 1 1 0 1 1 0 1 1 1 1 1 0 0 1 0 1 0 1 1 1 1 1 0 1 1 0 0 1 0 1 0 1 0 1 0 0 1 1 1 0 0 0 1 1 1 1 0 1 0 1 0 1 1 1 1 1 1 1 1 0 0 0 1 1 1 1 1 1 1 1 1 0 0 1 1 0 1 1 1 0 0 0 0 1 1 1 0 1 3 1 0 3182.80
3900.27 2 1 1 2 3 2 4 1 2 2 3 2 3 4 1 1 1 1 0 0 1 0 1 0 1 0 1 0 0 1 0 0 0 1 0 0 0 0 1 0 1 1 1 0 0 0 1 1 0 1 1 1 0 1 0 1 1 0 1 1 1 1 1 0 1 0 1 0 0 0 0 1 0 0 1 0 1 1 0 1 0 0 1 1 0 0 1 0 0 1 0 0 0 0 0 1 1 0 0 0 0 1 1 0 0 0 0 1 0 1 0 0 1 1 0 0 0 1 1 0 0 1 1 1 1 1 1 0 1 1 0 0 1 0 0 0 0 1 1 1 1 0 0 1 1 1 0 1 1 0 1 1 1 1 1 0 0 1 1 0 1 1 1 1 0 0 0 1 0 1 1 3 0 0 3054.37
2725.26 3 3 2 1 3 2 2 1 4 1 1 2 4 3 0 0 0 1 0 0 1 1 0 0 0 0 0 1 1 0 0 1 1 0 0 1 0 1 1 0 0 1 0 1 0 1 0 1 1 0 0 0 0 0 1 0 0 0 0 1 0 0 1 1 1 1 0 0 1 0 0 1 1 0 0 1 0 1 1 1 1 1 1 0 0 0 0 1 0 1 1 0 1 0 1 0 0 1 0 0 0 0 0 1 1 0 0 0 0 1 1 0 1 0 1 1 1 0 1 0 1 1 0 0 0 0 0 1 0 1 1 0 1 0 0 0 0 0 1 0 0 1 0 1 1 1 1 1 0 1 0 1 1 0 1 1 1 1 0 0 0 0 1 0 0 1 1 0 1 0 1 2 1 0 3463.32
2681.99 4 4 2 3 2 2 4 3 3 2 4 2 4 2 0 0 0 1 1 0 1 0 0 0 0 0 0 0 0 0 0 1 0 1 0 1 0 1 1 0 1 1 0 0 1 1 1 0 0 1 0 1 0 0 0 1 1 0 1 1 1 0 1 1 1 0 1 0 1 0 0 1 1 0 0 0 0 0 1 0 0 1 1 1 0 1 0 0 1 0 1 0 1 1 0 0 0 0 1 0 1 1 0 0 0 1 0 0 0 1 1 0 0 1 0 1 0 0 0 0 0 0 0 0 0 0 1 0 0 0 1 1 0 0 1 1 0 1 1 0 0 1 1 1 0 0 0 0 1 0 1 0 0 0 0 0 1 0 0 1 1 0 1 1 0 0 0 0 0 1 0 1 0 1 2992.42
2732.97 1 3 3 1 2 1 3 4 2 1 1 3 4 3 1 1 1 0 1 0 1 1 1 0 0 1 1 1 1 0 1 1 1 1 1 0 1 1 0 0 1 1 1 1 0 0 0 0 0 1 0 1 1 1 1 1 1 0 0 0 0 0 1 1 1 0 1 1 0 1 1 0 1 1 1 0 0 1 0 0 0 1 1 0 0 1 0 1 1 0 1 0 1 1 0 1 1 1 0 1 0 1 1 0 1 0 0 0 0 1 0 0 1 1 0 0 0 0 1 0 0 1 1 0 0 1 0 1 0 0 0 0 0 1 1 1 0 0 0 1 1 0 0 1 0 1 1 0 0 1 1 1 1 0 1 0 0 0 1 1 1 1 0 0 1 1 0 1 1 0 1 1 1 0 3228.07
3833.03 3 3 2 3 4 3 4 2 2 2 4 3 2 3 0 0 1 0 1 1 0 1 1 1 1 1 0 1 1 0 1 1 0 1 0 1 0 1 1 1 1 0 1 0 1 0 1 1 1 0 1 0 1 1 1 0 0 1 1 0 0 1 1 1 1 0 0 0 1 0 0 1 0 0 0 0 0 0 0 0 0 0 0 0 0 0 0 1 0 0 1 1 1 0 0 1 1 0 0 1 1 0 0 1 0 1 1 0 1 1 0 0 1 0 0 1 1 0 1 0 1 1 1 0 0 1 0 0 0 1 0 0 0 0 1 0 1 0 0 1 0 0 0 1 1 1 0 1 1 0 1 0 1 1 0 0 1 1 0 1 0 1 0 0 0 0 0 1 1 0 1 1 0 1 4171.39
2364.02 1 2 1 2 3 2 1 1 1 2 2 3 3 3 1 1 0 0 0 0 0 0 1 1 0 1 0 1 1 0 0 0 0 0 1 0 0 0 0 0 0 1 1 0 0 0 1 0 1 0 1 1 0 1 0 1 0 0 0 0 1 0 0 0 1 0 0 1 0 1 1 1 1 1 1 1 0 0 0 0 1 1 0 1 1 0 0 1 1 0 0 0 1 1 0 0 0 0 1 0 0 1 0 0 1 0 1 1 1 0 0 0 0 1 1 1 0 1 0 1 1 0 0 0 1 1 0 0 1 0 0 0 1 0 0 1 0 0 1 0 0 0 1 0 1 0 0 1 0 0 0 0 1 1 0 1 0 0 1 1 1 1 1 1 0 0 1 1 1 0 1 3 0 0 2195.31
3740.21 2 2 4 2 2 3 3 2 1 1 2 2 3 3 1 0 0 0 0 1 1 0 1 1 0 1 1 0 1 1 0 0 1 0 0 1 0 0 1 1 1 1 1 1 1 0 1 0 0 0 0 1 1 0 1 0 1 1 1 0 1 1 1 1 0 1 0 1 0 0 0 0 1 0 1 0 0 1 1 1 0 1 0 0 0 0 0 0 1 0 0 1 1 1 1 0 0 1 1 0 1 0 1 1 1 1 0 1 0 0 1 0 0 1 0 0 1 0 0 0 0 1 0 0 0 0 0 0 1 1 1 1 0 1 1 0 1 0 0 1 0 1 0 0 0 0 0 0 0 1 1 1 1 0 1 0 0 0 0 1 0 0 0 0 0 1 1 0 0 1 0 2 0 1 3696.13
2599.12 3 2 4 2 2 3 1 1 3 2 3 2 1 3 0 0 0 0 1 1 1 1 0 1 0 0 1 1 0 0 0 0 0 0 1 0 0 1 1 0 0 1 0 1 0 0 1 0 0 1 1 0 0 0 0 1 0 1 0 1 0 1 1 1 1 0 0 0 1 1 1 0 1 1 1 1 1 0 0 0 0 1 0 0 1 0 1 1 1 1 0 1 1 1 0 1 0 0 0 1 1 0 1 1 1 1 1 1 0 1 0 1 1 0 1 1 0 1 1 0 0 0 1 0 0 0 1 0 1 1 1 1 1 0 1 0 0 0 0 0 1 1 0 0 1 1 1 0 1 0 1 0 1 0 1 1 0 1 0 1 0 0 0 0 1 0 1 0 1 0 1 2 1 0 4284.88
3124.95 3 2 1 1 4 3 3 3 3 2 3 2 1 2 0 0 0 1 1 0 1 1 1 0 1 1 1 1 0 1 0 1 1 1 0 0 1 0 0 1 1 0 0 1 1 0 1 0 1 0 1 0 1 1 0 1 0 1 0 1 1 1 1 0 1 1 0 1 0 0 0 0 1 1 1 0 0 1 0 0 0 1 0 0 1 1 0 1 1 1 1 1 0 0 0 1 1 1 1 0 1 1 1 1 0 0 1 1 1 1 0 0 0 1 1 0 0 0 0 0 1 0 0 1 0 0 1 1 1 1 0 0 0 0 1 1 1 0 1 1 1 1 0 1 0 1 1 1 0 0 0 1 0 1 1 0 0 1 0 0 0 0 0 0 1 1 0 1 1 0 0 3 0 1 2540.87
3438.55 4 3 3 1 2 2 4 3 1 2 1 2 3 1 0 0 1 0 0 1 1 0 0 1 1 0 1 0 0 1 0 1 1 0 0 1 0 0 0 1 1 0 1 0 1 0 0 1 1 1 1 0 1 0 0 0 1 1 0 0 0 1 1 0 1 1 1 1 0 0 0 1 1 0 0 0 0 1 0 0 1 0 1 1 0 0 0 0 0 1 0 0 1 1 1 0 0 1 1 0 1 0 1 1 0 1 1 1 1 0 1 0 0 1 0 0 1 1 0 0 1 1 0 1 1 1 0 1 1 0 0 0 0 1 1 0 0 0 0 1 0 0 0 0 1 0 0 1 1 0 0 1 0 1 1 1 0 0 0 0 0 1 1 1 0 1 1 1 0 0 0 1 0 0 3732.97
2392.66 1 2 3 4 1 3 1 2 2 1 2 2 3 2 0 0 1 1 0 0 1 1 0 1 0 1 1 0 0 0 1 1 0 1 0 0 0 1 1 1 1 1 0 0 1 1 0 0 0 1 0 1 1 0 0 1 1 0 0 0 0 1 0 0 1 0 1 0 0 0 0 0 0 0 0 0 0 1 1 0 1 1 1 1 1 1 0 1 0 0 1 0 0 0 0 1 1 1 1 1 1 1 0 1 1 0 0 1 0 0 1 0 1 1 1 1 0 0 0 1 1 1 0 0 0 1 1 1 0 1 0 1 0 0 1 1 1 1 0 1 0 1 1 0 0 0 1 1 1 1 0 1 0 1 0 1 1 1 0 0 0 1 0 1 0 0 1 1 1 0 1 2 1 0 2901.69
2309.40 2 3 2 2 2 2 2 3 3 3 1 2 4 1 1 0 0 1 0 1 0 1 1 0 1 1 0 1 1 1 0 0 0 1 1 0 0 0 1 1 1 0 1 1 0 0 1 0 1 0 0 1 0 1 0 1 0 0 1 0 1 1 1 1 1 0 1 1 0 0 1 1 0 1 1 0 0 1 1 1 0 1 1 0 1 1 1 1 0 0 1 0 1 0 1 0 1 1 0 1 1 0 1 1 1 0 1 1 1 1 0 1 1 0 0 0 0 1 0 0 1 1 1 0 1 1 1 1 0 0 0 1 1 0 0 1 0 0 1 1 1 0 0 1 1 1 0 1 1 0 0 0 0 1 1 0 1 0 1 1 0 1 0 0 0 0 1 0 0 1 1 1 0 0 3940.76
2305.39 1 4 1 2 3 2 3 4 1 4 2 4 4 4 1 1 1 1 1 0 0 0 0 0 0 0 0 0 1 0 0 1 0 1 0 1 0 0 0 0 0 1 0 1 1 1 0 0 0 0 1 1 0 0 0 1 0 1 1 0 0 0 1 1 0 1 0 0 1 0 1 1 0 1 0 0 0 0 1 0 1 0 0 1 1 1 0 0 1 0 1 1 1 0 0 0 1 0 1 1 0 1 1 0 1 0 0 1 0 0 1 0 0 1 1 1 1 1 1 1 0 0 1 0 0 1 0 0 0 1 0 0 0 1 1 0 0 1 1 0 0 0 1 1 0 0 1 0 1 0 1 0 0 0 0 1 1 0 1 1 0 1 0 1 0 1 1 0 1 0 0 2 0 1 3343.19
2435.60 3 2 4 1 3 3 2 2 2 2 4 4 2 2 0 0 1 1 0 1 0 1 0 1 1 1 1 0 1 0 0 0 1 1 1 0 1 1 1 0 1 1 1 1 1 0 1 1 0 0 1 0 1 0 0 0 1 1 0 0 0 0 0 1 0 1 0 0 1 0 0 1 0 1 1 1 1 1 1 0 0 0 1 1 1 1 1 1 0 0 1 1 0 1 1 1 1 0 0 1 0 0 1 1 0 0 0 0 0 1 0 0 0 0 1 0 1 1 0 1 0 0 0 1 1 0 1 1 0 0 1 1 1 1 1 1 0 1 1 0 1 0 1 0 0 1 0 1 0 1 1 0 0 1 1 1 0 1 1 0 0 0 0 0 1 0 0 0 0 0 0 3 1 0 2569.71
3303 2 4 4 4 1 2 1 2 2 3 3 1 2 2 0 0 1 1 0 1 1 0 0 0 1 1 0 0 1 1 1 1 0 0 1 1 0 1 1 1 0 0 1 0 1 0 0 1 1 1 1 1 1 1 1 1 1 0 0 0 0 1 1 1 1 0 1 1 1 0 1 1 1 0 0 0 0 1 0 1 0 0 1 0 1 1 1 0 1 1 0 0 0 0 0 0 1 1 1 0 0 0 1 0 1 0 1 0 0 0 0 1 1 0 0 0 0 0 0 1 1 0 1 0 0 0 0 1 1 0 1 1 0 0 0 1 1 1 0 0 0 1 1 1 0 0 0 0 1 0 1 1 0 0 0 0 1 0 1 1 1 0 1 0 1 0 1 0 0 1 1 2 1 0 3016.47
2715.43 3 3 2 3 4 3 2 3 3 2 4 2 2 2 1 1 0 0 1 0 0 0 0 1 1 1 0 0 0 0 0 1 0 0 1 0 0 0 1 1 1 0 1 0 0 0 0 0 1 1 0 1 1 1 1 1 0 0 1 0 0 0 0 0 0 0 0 0 1 1 1 1 0 1 1 0 1 0 1 0 0 0 1 1 0 1 0 1 0 0 1 1 1 1 1 1 1 0 0 1 1 0 1 1 1 1 1 0 1 1 0 1 1 0 1 0 1 0 0 0 0 0 0 1 1 1 0 1 0 1 0 0 0 1 0 1 1 0 0 1 0 1 0 0 1 1 1 0 0 1 1 1 0 0 1 1 1 1 0 0 0 1 1 0 0 1 0 1 0 1 1 2 1 0 2353.47
3700.23 2 2 3 1 3 2 3 2 3 3 3 2 3 1 1 0 1 0 1 1 0 0 0 0 0 1 1 0 1 1 0 1 0 1 1 1 1 0 1 1 1 1 1 0 0 1 0 1 1 1 1 0 0 1 0 1 1 1 1 1 1 0 0 1 0 0 1 0 0 1 0 1 1 1 1 0 1 0 1 1 0 1 0 1 1 0 0 0 0 0 1 1 1 1 0 0 0 1 0 0 0 0 1 0 0 1 1 1 1 1 0 1 1 0 0 1 0 1 0 0 0 1 1 0 0 0 0 0 0 1 0 0 1 0 1 1 0 1 0 1 1 0 1 1 0 1 0 0 0 1 0 1 0 0 0 0 0 0 1 0 1 1 1 1 0 0 1 0 1 1 1 3 0 0 3033.46
2695.62 2 3 2 3 1 1 2 2 3 1 3 1 3 4 0 0 1 0 0 0 1 0 0 0 0 1 1 0 1 0 1 0 1 0 1 0 1 0 0 0 0 0 0 1 1 0 1 1 1 0 1 0 1 0 0 1 1 1 0 0 1 1 1 0 0 1 1 1 1 0 1 1 0 0 0 1 0 1 1 1 0 1 0 0 1 0 0 1 0 1 1 0 0 1 1 0 1 0 0 1 1 0 1 1 1 0 1 0 0 1 1 1 1 0 0 0 1 1 0 0 0 1 1 0 1 1 0 1 0 0 0 0 0 1 1 1 1 1 0 0 1 0 0 1 0 0 0 0 1 1 1 1 0 1 1 1 1 0 0 0 0 1 0 0 1 0 0 0 1 1 1 3 0 1 3757.26
4004.27 4 2 2 3 3 1 4 3 2 1 3 3 2 3 0 0 1 0 1 1 0 0 0 1 1 1 0 1 1 0 0 0 1 0 1 1 1 0 1 1 0 1 1 1 1 1 1 0 0 1 1 0 0 1 1 0 0 1 1 1 0 0 0 1 1 1 1 0 0 0 1 1 0 1 1 1 1 1 1 0 0 1 1 0 1 1 0 0 1 0 0 0 1 1 0 0 0 0 1 1 0 0 1 0 0 0 1 0 1 0 1 1 1 0 1 0 0 1 1 1 0 1 0 1 0 1 0 0 1 0 1 0 0 0 0 0 0 0 1 0 0 0 1 1 1 0 0 1 1 0 1 0 1 1 1 0 0 0 1 0 0 0 1 1 0 1 1 1 1 1 1 3 1 0 2613.73
4263.52 1 4 2 3 1 3 2 3 2 3 3 3 2 2 0 1 0 0 1 0 1 1 0 1 0 1 0 1 1 0 1 0 1 0 1 0 1 1 1 0 0 0 0 1 0 1 0 0 0 0 1 0 1 0 1 0 0 0 1 1 0 0 1 1 1 1 1 0 0 0 1 1 1 0 1 1 0 1 1 1 0 0 1 1 1 1 0 0 0 0 1 0 1 1 1 1 0 1 1 0 1 1 1 0 1 1 1 1 1 0 0 1 0 1 0 0 1 0 1 1 1 1 1 1 1 1 0 0 0 1 0 0 1 0 0 1 1 0 0 1 1 0 0 0 1 0 0 0 0 1 1 1 1 1 0 1 1 1 1 0 1 0 1 1 0 1 1 0 1 0 1 2 1 0 2219.10
2618.63 1 2 3 2 3 2 4 3 4 1 3 3 2 3 1 1 1 0 1 1 0 1 1 0 0 1 1 0 1 1 1 0 1 0 0 0 0 0 1 0 0 0 1 1 0 0 1 0 0 0 1 1 1 1 1 0 0 1 1 1 1 1 0 1 1 0 1 0 0 1 1 0 0 0 1 0 1 0 1 1 0 0 0 1 0 1 0 0 1 1 0 1 1 1 1 1 0 0 1 1 1 1 0 0 1 1 0 1 1 1 0 0 0 1 0 1 1 1 1 0 1 1 1 0 1 0 1 0 0 1 0 0 0 1 0 1 0 1 0 0 1 0 0 0 1 0 0 1 1 1 1 0 0 0 1 1 1 1 0 0 0 1 0 0 0 0 1 0 0 1 1 1 0 0 3986.37
2444.50 2 3 2 2 2 2 4 3 2 1 1 4 3 2 1 0 0 1 0 0 1 1 0 1 1 0 1 1 1 1 1 1 0 1 1 0 0 1 1 0 1 1 1 0 0 1 1 1 1 0 0 1 1 0 1 1 0 1 0 1 1 0 1 0 0 0 1 0 1 1 0 1 0 1 0 0 1 0 0 0 0 1 1 0 1 0 0 1 1 0 1 0 0 0 1 1 1 0 0 0 1 1 1 1 0 0 0 0 1 0 1 1 1 0 0 1 1 1 1 1 0 0 1 1 1 0 1 1 0 0 0 0 0 0 1 0 1 0 0 1 1 1 1 0 1 1 0 0 0 1 1 0 0 1 0 1 1 1 1 1 0 1 0 0 1 1 0 1 0 1 1 3 0 0 3321.65
3011.26 3 4 3 2 1 2 3 1 3 3 3 3 1 3 0 1 1 0 1 1 0 1 0 1 0 0 0 1 0 1 0 0 1 0 0 0 1 1 1 1 1 0 1 0 0 0 1 1 1 0 1 0 0 0 0 0 1 1 1 1 1 1 0 0 1 0 1 1 0 0 1 0 1 1 0 1 0 0 0 0 0 0 1 1 0 1 1 1 1 0 1 1 1 0 0 0 1 0 0 1 1 0 0 1 1 1 0 1 1 0 0 0 1 1 0 0 0 0 1 1 0 0 0 0 1 1 1 0 0 0 1 1 0 0 1 0 0 0 0 1 0 1 0 0 0 0 0 1 0 0 0 0 1 0 1 1 0 1 1 1 0 1 0 1 1 1 1 0 0 1 0 2 1 0 2236.08
2400.90 4 2 2 3 3 2 3 2 4 2 2 2 4 2 1 0 1 1 1 1 0 1 0 0 1 0 0 0 0 0 0 1 1 1 0 0 0 1 1 1 1 0 0 1 1 1 0 0 0 1 0 0 0 1 0 0 0 0 1 0 1 0 1 0 0 0 1 0 1 1 1 1 1 1 0 1 1 1 0 1 0 1 1 1 1 1 0 1 0 1 1 0 1 0 1 1 1 1 1 1 0 0 0 1 1 0 1 0 0 0 0 0 0 1 0 1 1 1 1 0 1 0 1 1 0 0 0 0 1 1 1 0 1 1 1 1 0 0 0 0 1 0 0 1 1 0 0 0 1 1 1 1 1 0 0 0 0 0 0 1 1 1 0 1 0 0 1 1 1 0 0 1 0 1 3506.90
3295.76 3 1 3 3 4 3 2 1 3 3 2 3 2 1 1 1 1 0 0 0 1 0 0 0 1 0 1 1 0 0 0 0 0 0 1 1 1 1 0 0 0 0 1 1 1 1 1 1 0 1 1 0 0 0 0 1 1 0 1 1 0 1 1 0 0 0 1 0 0 0 0 0 0 0 0 0 0 1 1 1 1 0 1 0 1 1 1 1 0 0 0 1 1 1 1 1 0 1 1 1 0 1 0 1 1 0 0 1 0 0 0 0 0 0 0 1 1 1 1 1 0 0 0 0 1 0 0 1 1 0 1 0 0 1 0 1 1 1 0 1 1 1 1 0 1 0 1 1 1 1 1 1 1 0 1 1 0 1 1 0 1 0 0 1 0 1 1 0 0 0 0 1 1 0 3994.71
4240.50 3 2 2 2 3 2 2 4 4 3 2 2 4 4 1 0 1 0 0 0 1 1 1 0 0 0 1 1 0 0 0 0 1 1 1 0 0 0 0 0 0 1 1 0 1 1 1 1 0 1 0 1 1 1 1 1 0 0 1 1 1 1 0 1 0 0 0 1 1 1 1 0 1 1 1 0 0 1 1 1 1 1 1 1 1 1 1 1 1 0 1 0 0 0 1 1 0 1 0 0 0 1 0 0 1 1 1 1 0 0 1 1 1 1 0 1 0 0 1 0 1 1 1 0 0 0 1 1 0 0 1 1 1 1 1 1 1 1 0 0 1 1 1 0 1 0 1 1 0 0 1 0 0 0 0 1 0 0 0 1 0 1 0 0 1 1 0 1 0 1 0 1 1 0 4196.50
3174.99 3 2 2 3 4 3 1 3 2 1 3 3 3 2 1 1 1 0 0 0 1 1 0 0 0 0 1 1 1 0 1 1 1 0 1 1 0 1 1 0 1 0 0 1 1 1 0 0 0 1 1 0 1 1 0 0 1 1 0 1 0 1 0 0 1 0 0 1 1 0 1 1 0 1 1 1 0 0 1 1 1 1 1 0 0 0 0 1 1 1 1 1 1 1 1 0 0 0 1 1 0 1 0 0 0 1 0 1 1 0 1 0 1 1 0 1 1 0 1 1 1 0 0 1 1 0 1 0 0 1 1 1 0 1 1 0 1 0 0 1 1 1 0 1 1 0 0 1 1 1 0 0 0 0 1 1 1 1 0 0 0 1 0 0 1 1 0 1 1 0 1 2 0 1 4198.46
3567.34 2 3 2 3 2 4 2 2 2 3 3 4 3 4 1 0 0 1 1 1 1 1 0 0 0 0 1 0 0 1 0 1 0 1 1 1 0 1 1 0 1 1 0 1 0 0 1 1 1 0 1 1 1 1 1 1 1 1 1 0 0 1 0 0 1 1 0 1 0 0 1 0 1 0 0 1 1 0 0 1 0 1 1 1 0 0 0 1 1 0 1 1 0 0 1 1 0 0 0 0 0 0 1 1 0 1 1 0 0 1 1 0 1 0 0 0 1 1 1 1 1 0 1 1 0 1 1 0 1 1 0 0 0 1 1 1 1 0 0 1 0 1 1 0 1 1 1 1 1 1 1 0 0 1 0 0 0 1 0 1 1 0 1 0 0 0 1 0 0 1 1 3 1 0 3021.74
2836.65 2 2 2 3 3 4 1 3 3 2 2 1 2 1 0 1 1 1 1 0 1 1 1 1 0 1 1 1 0 1 1 1 1 1 0 0 1 1 1 0 0 0 0 1 1 1 1 0 1 0 1 1 0 0 1 1 0 0 1 1 1 1 1 1 0 1 1 0 0 0 1 1 1 1 0 0 1 0 1 0 0 0 1 1 0 0 0 0 1 0 1 0 0 1 1 1 1 0 1 0 1 1 0 1 0 1 0 0 0 0 0 1 0 1 1 1 0 1 1 1 0 0 0 1 0 1 0 0 1 0 0 1 1 1 1 1 0 0 0 0 1 1 0 0 0 1 1 1 0 1 1 1 0 1 1 0 1 1 1 0 0 0 0 1 0 0 1 0 1 0 1 3 0 1 2890.96
4266.38 2 2 4 1 2 2 2 4 2 2 3 2 1 3 0 1 1 1 1 0 1 1 0 0 0 1 1 0 0 0 0 1 1 0 1 0 0 0 1 0 1 1 0 1 1 0 0 1 1 1 0 1 1 0 1 1 0 1 1 0 0 1 0 0 0 0 1 1 0 0 1 1 0 1 1 1 1 1 1 0 0 1 0 1 1 0 0 1 1 1 0 0 1 0 1 0 1 1 1 0 1 1 0 0 0 1 0 1 0 1 0 0 1 1 0 0 1 0 1 1 1 1 1 0 1 1 1 0 1 1 1 1 0 1 1 1 1 1 1 0 0 0 1 0 0 0 0 0 0 1 1 0 0 0 1 0 0 0 0 0 0 0 1 0 1 1 0 0 0 1 0 3 1 0 2476.64
3095.21 2 3 2 4 4 3 2 1 4 1 3 2 3 2 0 0 1 1 0 0 0 1 0 0 0 1 1 0 0 1 1 1 0 1 1 0 0 1 1 0 1 0 0 1 1 1 1 0 0 0 1 0 1 0 0 1 1 0 0 1 0 0 1 1 1 1 0 0 0 1 1 0 0 1 1 1 1 0 0 0 0 1 1 1 0 0 0 1 0 0 0 1 1 1 1 1 0 1 0 1 0 0 0 0 1 0 1 1 0 0 0 1 1 1 0 1 1 0 1 0 1 0 1 0 0 1 1 0 1 1 1 1 1 0 1 0 1 0 1 1 0 1 1 1 0 0 1 1 1 1 1 0 1 1 0 1 0 0 1 0 0 0 0 1 1 0 1 0 0 1 0 1 0 1 3755.98
3571.55 1 3 2 4 1 4 3 1 4 2 2 1 1 3 0 1 1 1 1 0 0 0 1 0 1 0 0 0 0 1 0 0 1 1 1 0 0 0 0 0 1 1 0 0 1 0 0 1 0 1 1 0 1 1 1 1 0 0 0 0 0 0 0 0 0 0 1 1 0 0 1 1 1 0 1 1 0 1 1 1 1 0 1 1 0 0 0 1 1 0 1 0 0 1 1 0 1 1 0 1 1 0 1 1 1 1 0 1 1 1 1 0 0 1 0 0 0 0 1 1 1 1 0 0 0 0 0 1 1 1 0 1 0 1 1 1 0 0 0 0 0 0 1 1 0 1 0 0 0 1 0 0 0 0 1 1 1 0 0 1 1 0 1 0 1 0 1 0 1 1 1 2 0 0 3192.17
4197.73 1 2 2 1 3 2 4 2 4 3 2 1 1 4 0 0 1 0 0 1 0 1 0 1 0 0 1 0 0 1 0 0 1 1 1 1 0 1 1 0 1 0 0 1 1 0 1 1 0 1 0 0 0 1 1 0 0 0 1 0 1 0 1 1 1 0 0 0 0 1 1 1 1 0 1 0 0 1 0 0 0 0 1 0 0 0 1 0 1 1 1 1 0 0 0 0 1 0 1 1 0 0 1 1 0 0 0 0 0 1 0 1 0 1 1 0 1 0 1 0 1 1 1 1 1 1 1 1 1 0 1 1 0 1 0 1 1 0 1 1 0 1 0 0 0 1 0 0 0 1 0 0 1 0 1 1 1 0 1 0 1 0 0 1 1 1 0 1 0 0 0 1 1 0 3105.97
3179.66 3 3 2 3 3 3 2 4 3 2 3 3 2 2 1 0 0 1 0 0 0 0 1 1 0 1 1 1 0 1 1 0 0 1 1 0 1 0 1 1 1 0 1 1 1 1 0 1 1 1 1 0 0 0 0 0 1 0 1 1 1 0 1 0 1 0 0 0 1 1 0 1 1 0 1 1 0 1 0 0 1 0 0 1 0 0 1 1 1 0 0 1 1 1 1 1 0 0 1 0 1 0 0 1 0 1 0 1 1 1 0 0 0 0 0 0 1 1 0 0 0 1 0 0 0 1 0 0 1 1 0 1 1 0 0 0 0 0 0 1 1 1 0 1 1 0 0 0 1 1 1 0 1 0 0 0 0 0 1 0 1 1 1 1 1 0 0 0 1 0 1 1 0 0 2628.99
3853.17 2 3 4 2 1 2 2 3 3 2 2 2 3 3 1 0 1 1 1 0 1 1 0 1 1 0 0 1 1 1 1 0 0 0 0 0 1 1 1 1 0 0 1 0 0 1 0 0 1 1 0 0 1 1 0 0 0 1 1 0 1 1 0 1 1 0 1 1 0 0 0 0 1 1 0 1 0 1 0 1 0 1 0 0 0 1 1 0 1 1 1 1 0 0 1 1 0 0 0 0 0 0 1 0 0 1 1 0 1 1 0 1 0 1 0 0 0 1 0 1 0 0 0 0 0 1 1 0 0 1 1 0 1 0 1 1 1 0 1 0 0 0 1 1 0 0 1 1 1 1 1 1 0 1 1 0 1 1 1 0 0 1 1 0 0 0 1 1 1 1 1 3 0 0 3641.98
3624.01 3 3 1 2 3 3 2 4 4 3 4 4 1 3 0 0 0 1 1 1 1 1 0 0 0 1 1 0 0 0 1 1 0 0 0 0 1 1 1 1 1 1 0 0 0 1 0 1 1 1 1 1 0 0 1 0 1 0 0 0 1 1 0 1 0 0 1 1 0 0 1 0 1 0 0 1 0 0 0 0 1 0 1 0 0 1 1 1 0 1 0 0 0 0 0 0 0 0 1 1 0 1 0 1 0 1 0 1 1 0 0 1 0 0 0 0 1 1 0 0 1 0 1 0 1 1 0 0 0 0 1 1 1 1 1 0 1 1 0 0 1 1 1 0 0 0 0 0 1 0 1 1 0 0 0 0 0 0 0 1 0 1 0 0 0 0 1 0 0 1 1 2 0 0 3709.44
3374.46 3 3 2 1 3 2 4 4 2 3 3 2 2 3 1 1 1 1 1 1 0 0 1 1 1 1 1 0 1 1 1 1 0 1 1 0 1 0 0 0 0 1 0 0 1 1 0 0 0 0 1 0 0 0 1 0 1 1 0 1 1 0 1 1 1 0 1 0 0 1 0 0 0 0 0 0 1 1 0 1 0 1 0 1 1 1 0 0 0 1 1 0 0 0 1 1 0 1 1 1 1 0 0 0 0 0 0 0 0 0 1 0 0 1 0 1 1 0 0 1 1 0 0 1 0 1 0 0 1 0 0 1 1 1 0 1 0 1 1 1 0 1 1 1 0 1 0 1 1 0 1 1 0 0 1 1 1 0 0 0 0 0 0 0 0 0 1 1 0 1 0 3 0 0 2916.08
3160.34 2 2 3 3 3 3 2 2 3 2 3 3 4 4 0 1 0 0 1 0 1 0 0 1 0 0 1 1 1 0 1 0 0 1 0 1 1 1 0 0 1 1 0 1 0 0 0 1 1 0 0 0 1 1 1 1 1 0 1 0 1 1 0 1 1 0 0 0 0 1 0 1 0 0 1 0 1 0 0 0 1 0 0 1 0 0 1 0 0 1 1 0 1 0 1 0 1 1 0 0 0 0 0 1 0 1 1 1 1 1 1 0 0 0 0 0 0 0 0 1 0 0 1 0 1 0 1 1 0 1 0 1 0 1 0 0 1 1 1 0 1 0 0 1 1 0 1 0 1 1 0 1 1 0 1 0 1 1 1 1 1 1 0 1 0 1 1 0 1 0 1 2 0 0 3108.87
2435.01 3 2 1 2 4 2 4 2 4 4 3 1 3 2 1 0 1 1 0 1 0 1 0 1 0 1 1 0 0 0 0 0 1 1 1 1 1 1 0 1 0 0 1 1 0 0 0 1 1 1 0 0 0 0 1 1 1 0 0 0 1 1 1 0 1 0 1 1 0 1 1 0 1 0 0 0 1 1 1 1 1 1 0 0 0 0 1 0 0 0 0 1 1 0 1 1 1 0 1 1 0 0 1 0 1 1 0 0 1 1 1 1 1 0 0 0 1 1 1 0 1 0 1 0 0 1 1 1 0 1 0 0 1 1 0 0 0 1 0 1 1 0 1 0 0 1 1 1 1 1 1 0 0 0 0 1 1 1 1 1 1 0 0 0 0 0 0 0 1 1 1 2 1 0 3893.12
3566.42 2 3 4 3 3 2 2 3 2 3 1 3 1 2 0 1 1 0 0 1 0 1 1 0 1 1 1 0 0 0 1 1 1 0 0 1 1 0 1 1 0 1 0 1 1 1 1 0 1 0 1 0 1 1 1 0 1 0 0 1 1 0 0 1 0 0 1 0 0 1 1 1 1 1 0 1 0 0 0 1 0 0 1 0 1 1 0 1 0 1 1 1 1 1 1 0 0 0 0 0 1 0 0 0 0 0 0 1 1 0 1 0 0 0 0 0 1 1 1 1 1 1 0 0 1 0 1 1 1 1 1 0 0 1 0 1 1 1 0 1 1 1 0 0 0 0 1 1 0 1 0 0 0 1 0 0 0 1 1 1 0 1 0 0 1 0 0 1 0 1 0 1 1 0 3574.39
2215.56 4 3 1 4 3 3 4 3 3 2 2 2 3 2 0 1 0 0 1 0 1 0 1 1 0 0 1 1 1 1 1 0 1 1 1 0 0 1 1 0 1 1 1 0 0 0 1 0 1 0 1 0 0 0 1 0 0 0 1 0 1 0 0 0 0 1 1 0 1 1 0 1 1 0 1 1 0 1 1 0 1 0 0 0 0 0 1 1 0 0 0 0 1 1 1 1 1 1 1 0 0 0 1 1 1 1 1 0 0 1 1 1 1 1 0 1 1 1 1 0 0 0 0 1 0 1 0 0 1 0 0 0 0 0 0 1 1 0 1 0 1 0 0 0 0 1 0 1 1 1 0 1 0 0 0 1 1 1 1 0 1 1 0 1 0 0 0 1 1 0 1 3 1 0 2733.51
2427.35 4 3 4 1 1 3 3 1 2 2 1 1 2 4 0 1 0 1 0 0 1 0 0 0 0 0 0 1 0 1 0 1 0 0 0 1 1 1 0 0 0 0 1 0 0 1 0 0 0 0 1 1 0 1 0 1 0 0 0 1 0 0 1 1 0 1 0 1 0 0 1 1 0 1 1 1 0 0 0 0 0 0 0 1 0 0 1 1 1 1 1 0 1 1 1 1 1 1 1 1 1 0 1 0 1 1 0 0 1 0 0 0 1 0 0 0 1 0 0 0 1 1 1 0 0 0 1 1 1 0 1 0 1 1 0 1 1 1 1 0 0 0 0 1 1 0 0 0 0 1 1 1 1 0 0 0 1 0 0 0 0 1 1 1 1 0 0 0 0 1 0 3 0 0 2887.73
3395.71 2 3 2 3 2 3 2 3 1 3 3 2 3 2 1 0 1 0 1 1 0 0 0 1 1 1 0 1 1 0 0 0 1 1 1 1 0 0 0 1 1 0 1 0 0 0 1 0 0 1 1 1 1 0 0 1 1 1 0 0 1 0 1 1 0 1 1 1 0 1 0 1 0 0 0 1 0 0 0 1 1 1 0 0 1 0 0 0 1 0 1 1 1 0 0 0 1 0 0 0 0 1 1 0 1 1 1 0 0 0 0 1 0 1 1 1 0 0 0 1 0 1 1 1 1 0 0 0 0 0 1 1 0 0 1 0 0 0 0 0 0 0 1 0 0 1 0 1 1 1 0 1 1 1 1 1 0 0 0 0 0 1 1 1 1 1 1 1 0 1 0 2 0 1 2894.74
3094.13 1 3 4 1 2 3 4 1 3 1 3 1 1 2 0 1 1 0 1 0 0 0 0 0 0 0 0 1 0 1 0 0 1 0 0 0 1 1 1 0 1 0 1 1 0 1 1 1 1 1 0 1 0 0 1 1 1 1 1 1 0 1 1 1 0 0 0 0 0 1 0 0 1 1 1 0 0 0 1 0 1 1 1 0 1 1 0 0 1 1 0 1 1 1 0 0 0 1 1 0 1 0 0 1 0 1 1 1 0 0 0 0 1 0 0 0 0 1 0 0 0 1 0 1 1 1 1 1 1 1 0 0 1 1 0 1 0 1 1 1 0 0 0 1 0 0 0 1 0 0 1 0 0 1 0 1 1 0 1 1 0 1 1 1 1 1 0 1 1 0 0 2 0 0 2260.15
3669.14 3 2 3 2 1 1 2 4 2 2 1 1 2 1 0 1 1 1 1 1 1 1 0 1 1 0 0 1 1 1 1 0 0 0 0 1 1 0 0 0 1 1 0 0 1 1 1 0 0 1 1 1 1 0 0 0 1 1 1 1 1 1 0 0 0 1 0 0 1 1 0 0 0 0 0 0 1 1 0 1 1 1 0 0 0 1 1 1 1 0 0 1 1 0 1 1 0 0 1 1 1 1 0 0 1 1 0 0 1 1 0 0 0 1 1 1 1 1 0 0 0 0 0 1 1 0 1 0 0 1 0 1 1 1 0 0 0 1 0 0 0 1 0 1 0 0 0 1 0 1 1 0 1 1 0 1 0 1 0 0 0 0 0 1 0 0 1 0 0 1 0 2 0 0 3445.47
2832.12 4 3 4 2 3 3 2 3 2 3 2 2 1 4 0 0 0 1 0 0 1 1 1 0 0 0 1 1 1 0 1 0 1 0 1 0 1 0 0 0 0 1 0 1 0 0 0 0 0 0 1 1 1 0 0 0 0 0 1 1 1 1 0 1 1 1 1 1 0 0 1 0 0 1 1 0 1 1 1 0 1 1 1 0 0 0 0 0 1 1 0 0 1 0 1 1 1 0 0 1 1 1 0 1 0 1 1 0 1 1 0 1 0 1 1 1 0 0 0 1 1 1 0 1 1 0 0 1 1 1 0 0 0 0 0 0 1 0 0 0 0 0 1 1 1 0 1 0 0 0 1 0 0 1 0 0 0 0 1 0 1 1 1 0 1 1 1 0 0 0 0 3 1 0 3038.62
4281.35 2 4 3 3 3 2 2 4 2 2 3 4 3 3 1 0 1 1 0 1 0 1 0 0 1 1 1 0 0 1 1 0 1 1 1 1 1 0 1 0 1 0 1 1 1 1 0 1 0 0 0 1 1 1 1 1 0 1 1 0 0 1 1 0 0 1 1 0 0 1 0 1 0 0 0 0 0 0 0 1 1 0 1 0 0 1 0 1 1 0 0 0 0 1 0 1 0 1 1 1 0 0 0 0 0 1 0 1 0 0 1 0 1 1 1 0 1 1 1 1 0 0 1 1 1 1 1 0 1 0 1 0 1 1 1 0 0 0 1 1 0 0 1 1 1 1 0 1 0 1 0 0 0 0 1 0 0 1 1 1 0 1 1 1 0 0 0 0 1 1 1 2 1 0 2349.81
3008.16 3 3 1 3 4 3 3 2 3 1 3 1 1 4 0 0 0 1 0 1 1 0 1 1 1 1 0 1 1 0 0 1 0 0 0 1 1 1 1 1 1 1 0 1 1 0 0 1 0 1 0 0 1 1 0 1 1 0 1 0 1 1 0 1 0 1 1 1 1 0 1 0 1 1 1 1 0 0 1 1 0 1 0 1 1 0 0 0 1 0 0 0 1 0 1 0 1 0 0 0 1 1 0 1 1 0 1 0 1 1 0 0 0 1 0 1 0 0 0 1 0 0 1 1 0 0 1 1 0 1 0 1 1 1 1 1 1 1 0 0 1 0 1 1 1 1 1 1 1 0 1 0 0 0 0 1 0 1 1 1 1 0 1 1 0 0 0 1 1 0 1 1 1 0 2668.20
3234.68 2 4 2 4 2 1 2 2 4 3 3 3 2 1 0 0 0 1 1 0 0 0 0 0 1 1 1 0 0 1 0 0 0 1 0 1 1 1 0 0 1 0 0 1 1 1 0 0 1 0 0 0 0 1 1 1 1 1 1 1 0 1 0 0 0 1 0 1 0 0 0 1 1 0 1 1 0 1 0 1 1 1 0 0 1 0 0 0 0 0 0 0 0 1 0 0 0 0 0 0 0 1 0 0 0 0 0 1 1 1 0 0 1 0 0 1 1 0 1 1 1 1 1 1 0 1 1 0 1 1 0 1 1 1 0 1 0 0 1 0 1 0 0 1 1 0 0 1 0 1 0 1 0 1 1 1 0 1 0 0 0 0 0 0 1 1 0 0 0 1 1 1 1 0 3600.98
2852.68 2 3 1 3 4 3 2 4 3 3 1 3 1 2 0 1 1 1 0 1 1 0 1 1 0 1 0 1 1 0 1 1 0 1 0 0 0 0 0 1 0 1 1 1 1 1 1 1 1 0 0 0 0 0 1 1 0 1 0 1 0 0 1 0 0 1 1 1 0 1 0 1 1 0 0 1 0 0 0 1 0 1 0 0 0 0 0 1 0 0 1 0 1 0 0 1 0 1 0 1 0 1 0 1 0 1 0 0 0 0 1 0 1 1 0 0 0 1 0 1 1 0 0 0 0 1 0 0 0 1 0 0 0 0 0 1 1 0 0 1 1 1 0 0 1 0 0 0 1 0 1 0 1 0 0 0 1 0 0 0 0 0 1 0 0 1 1 1 1 1 0 1 1 0 2983.14
3863.59 1 2 3 2 4 3 1 2 2 3 3 2 3 4 0 1 0 1 0 0 1 1 0 1 0 0 1 0 1 0 0 0 1 0 1 1 0 1 1 1 1 0 0 0 1 1 1 1 1 1 1 1 1 0 1 1 1 1 0 1 0 0 0 1 1 0 1 1 0 0 1 1 0 0 1 1 0 1 1 1 1 0 1 1 0 0 1 1 0 0 0 1 0 0 0 0 0 1 1 0 1 1 0 1 0 1 0 0 0 0 0 0 1 1 0 0 1 0 1 1 1 0 1 1 0 0 1 1 0 1 0 0 1 0 1 1 1 1 1 1 0 1 1 1 0 0 0 0 0 1 0 0 0 1 0 1 0 1 0 0 1 1 0 0 0 1 1 0 1 1 0 2 0 0 3538.10
3539.69 3 3 1 2 4 3 3 3 2 4 2 1 2 4 1 0 0 0 1 1 1 0 0 1 0 1 1 0 0 0 0 0 1 1 1 1 1 1 0 1 0 0 0 0 0 1 0 1 1 0 0 1 0 0 0 0 0 1 1 0 0 1 1 1 1 0 0 1 1 1 0 1 0 0 0 0 1 1 0 0 1 0 0 1 1 0 0 1 1 0 1 0 0 0 1 0 0 0 1 1 1 1 1 1 0 1 0 0 0 0 1 0 1 0 0 0 1 0 1 0 0 1 0 1 1 0 0 1 0 1 0 0 1 0 0 1 1 0 0 0 1 0 1 0 1 1 0 1 0 1 1 0 1 1 0 0 0 0 1 0 1 0 0 1 0 0 0 1 0 0 1 2 1 0 4191.38
4225.25 2 2 4 4 1 1 3 2 1 1 2 4 2 1 0 1 0 0 1 1 1 1 0 1 0 0 1 1 0 0 0 1 0 1 1 0 1 1 0 0 1 1 0 0 0 0 0 1 1 1 1 1 1 1 1 0 0 0 0 1 0 0 1 0 0 0 0 1 1 0 1 0 1 1 0 0 1 1 1 1 0 0 1 1 0 1 1 0 1 1 0 1 0 1 0 1 0 0 1 1 0 0 0 1 1 1 1 0 0 1 1 1 0 0 0 1 0 0 0 1 1 0 1 1 0 0 0 0 1 1 0 1 0 0 0 0 0 1 0 1 1 0 1 0 0 0 0 1 1 1 1 1 0 0 0 0 1 0 0 1 0 0 0 0 1 0 1 1 1 0 0 3 0 0 2208.44
2262.23 2 3 2 1 2 4 3 2 3 2 2 2 2 4 0 1 0 0 1 0 1 0 0 0 0 0 1 1 0 1 1 1 0 1 1 1 0 0 0 0 1 1 1 0 1 1 0 1 0 1 0 1 0 0 0 1 1 1 0 1 0 0 0 0 0 0 0 0 0 0 1 0 0 1 0 0 1 0 0 1 1 1 1 1 1 0 1 1 1 0 1 0 1 0 1 0 0 0 1 1 0 1 0 0 1 1 1 1 0 0 1 0 0 0 1 0 1 0 0 1 0 0 1 0 1 0 1 1 0 1 1 0 0 1 0 1 1 0 0 1 1 0 0 0 1 1 0 0 1 0 0 1 0 0 0 0 1 1 0 0 1 1 0 0 1 1 1 0 0 1 0 2 1 0 2558.60
2608.16 2 3 3 2 2 4 1 3 3 2 4 1 3 2 1 1 1 0 0 1 0 0 0 0 0 0 1 0 0 0 0 0 1 0 1 1 1 0 0 0 1 1 1 0 0 1 1 0 0 0 0 0 1 0 0 0 1 0 1 0 0 0 1 0 1 1 0 0 0 0 0 1 1 1 0 0 1 0 1 0 0 1 0 0 0 1 1 0 0 0 0 0 0 1 0 0 1 1 0 1 0 1 1 1 0 0 1 1 1 0 0 1 1 1 1 1 1 1 0 1 1 0 0 0 1 1 1 1 0 1 0 1 1 0 1 1 1 0 1 0 1 1 0 1 1 0 0 1 1 1 0 1 1 0 1 1 1 0 1 0 0 1 1 1 1 0 0 0 1 1 1 2 0 1 3531.26
2903.69 2 4 2 2 1 2 1 2 2 4 4 2 3 2 1 1 0 0 0 1 0 0 1 1 1 1 1 1 0 0 1 1 1 0 0 0 0 1 1 0 0 0 0 0 1 0 0 0 1 0 0 0 1 0 0 1 0 0 0 0 0 1 1 1 1 0 0 0 1 0 0 0 0 1 0 1 0 1 0 0 1 1 0 0 0 0 0 0 1 0 0 0 1 0 1 1 0 1 0 0 1 0 1 1 1 0 0 0 0 0 0 0 0 0 1 1 0 0 1 1 0 1 1 0 0 1 1 1 1 1 0 0 1 0 1 0 1 1 0 0 1 0 1 0 1 0 0 0 0 0 0 1 0 1 0 1 0 0 0 0 0 1 1 0 0 0 1 1 0 0 0 2 0 0 3349.42
3146.45 3 2 3 4 3 1 2 3 2 3 2 2 2 2 0 1 0 0 1 0 1 1 0 1 1 1 1 0 1 1 1 1 0 1 1 0 1 1 1 0 0 1 0 1 1 1 0 1 1 1 1 0 1 0 0 0 1 1 0 1 0 0 0 0 0 1 1 0 0 0 0 1 0 1 0 0 0 0 0 0 1 0 0 1 0 0 1 0 0 0 1 1 0 1 0 0 1 0 1 0 0 1 0 1 0 0 1 1 1 1 0 1 1 1 0 1 1 1 1 0 1 0 0 0 1 1 0 0 1 0 1 0 0 0 1 0 1 0 0 0 0 1 0 1 1 1 0 0 1 0 1 1 0 1 1 1 0 0 1 1 0 1 1 1 0 1 1 1 0 0 1 2 1 0 3220.91
2994.42 1 2 4 2 1 2 3 3 2 3 1 3 1 3 0 1 1 1 1 0 0 1 1 1 1 0 1 0 1 1 0 0 1 0 1 0 1 1 1 0 0 0 0 0 0 0 1 0 1 1 1 1 1 1 1 1 0 1 1 0 0 1 1 0 0 0 0 1 1 1 0 0 0 1 1 1 0 0 1 1 1 0 1 0 0 0 0 1 0 0 1 1 0 0 0 0 1 1 0 0 1 0 0 1 1 0 1 1 1 1 1 0 0 1 1 1 0 0 1 0 1 1 0 1 1 1 1 0 1 0 0 0 0 0 1 0 1 0 1 1 0 1 0 0 1 1 0 0 0 0 0 0 0 0 0 0 0 1 1 1 1 0 1 1 0 1 1 1 1 0 1 3 0 0 4259.81
3220.82 4 3 2 2 1 3 3 4 2 4 2 4 3 3 1 0 0 1 1 1 0 1 1 0 1 1 0 0 1 0 1 0 0 1 0 1 0 0 0 0 1 0 0 0 1 0 0 1 0 0 0 1 0 0 1 0 0 0 1 1 0 0 1 0 1 1 0 0 0 1 0 0 0 1 0 0 1 1 0 0 1 0 1 1 0 1 1 0 1 0 1 1 1 0 1 0 0 0 0 1 1 1 1 1 1 1 0 0 1 0 1 1 0 0 0 0 0 1 1 1 1 0 0 0 0 0 0 1 0 0 0 0 1 0 0 0 1 1 0 1 1 0 1 0 0 0 1 0 0 0 0 0 0 1 0 0 0 1 1 0 1 1 0 1 1 0 0 0 1 0 1 3 1 0 3717.71
2977 3 2 3 2 4 1 2 2 2 4 1 3 3 2 1 1 1 1 0 0 0 0 0 1 1 1 1 1 0 1 0 0 1 0 1 1 0 0 1 0 0 0 0 0 1 0 0 1 1 0 1 1 1 0 0 1 0 1 1 0 1 0 0 0 1 1 1 0 1 0 0 1 0 1 1 0 1 0 0 0 1 1 1 0 0 1 1 0 1 1 0 1 1 0 1 1 0 1 1 0 0 0 0 0 1 1 1 1 1 0 1 1 0 1 0 1 0 0 1 1 0 0 1 0 1 1 1 1 1 1 0 1 1 1 1 0 0 1 1 1 1 1 0 0 0 1 1 0 0 0 0 1 0 1 1 1 1 0 1 0 1 0 1 0 0 0 0 1 1 1 1 2 1 0 2327.86
3141.42 1 2 3 1 2 3 4 4 2 3 2 4 3 3 0 0 0 0 0 0 1 0 1 1 1 0 0 1 1 1 0 0 1 1 1 1 0 0 1 0 1 0 1 1 0 1 1 1 0 0 1 1 0 0 1 1 1 0 1 1 1 0 1 1 1 0 0 1 0 0 1 1 1 1 1 1 1 1 1 0 1 0 0 0 0 0 0 0 0 0 1 1 1 0 1 1 1 0 0 1 1 0 0 0 0 1 0 1 0 0 0 1 1 1 0 1 1 1 1 0 0 0 0 1 1 1 0 1 1 0 0 0 1 0 0 1 1 0 0 1 1 1 1 0 1 1 0 1 1 1 1 1 1 1 0 0 0 1 0 0 0 1 1 0 0 1 0 1 1 1 1 2 1 0 3375.72
2684.12 3 2 3 1 3 2 1 4 2 2 2 2 3 3 1 1 0 1 0 0 1 0 0 0 1 1 0 1 0 0 1 1 1 1 1 0 1 1 0 0 0 1 0 1 1 1 1 1 0 1 0 1 1 1 1 0 1 1 0 1 1 1 0 1 0 0 0 1 1 0 1 1 0 0 1 1 1 1 0 1 1 0 0 0 0 1 0 0 1 1 1 1 0 0 0 1 1 1 0 1 1 0 0 0 1 0 1 1 0 0 0 0 0 0 1 0 1 1 1 1 1 1 0 1 1 0 1 0 0 1 0 0 1 1 1 1 1 0 1 0 1 0 1 0 0 1 0 0 0 0 0 0 1 0 0 0 1 0 1 0 1 0 0 1 1 1 1 0 1 0 1 3 0 0 3654.02
2695.22 4 3 3 2 3 2 4 4 1 2 1 3 3 1 0 0 1 0 1 1 0 1 1 0 1 0 0 1 1 1 1 0 0 1 0 0 0 1 0 0 0 0 1 0 1 0 0 0 0 0 0 0 0 1 1 1 1 0 1 1 1 1 1 0 0 0 0 0 1 1 0 1 1 1 0 1 0 1 0 0 1 1 1 1 0 1 0 0 1 1 1 1 1 0 1 1 0 0 0 0 0 0 1 0 1 0 1 0 0 1 1 1 1 1 1 0 0 0 1 0 1 1 0 0 0 1 0 0 0 0 1 1 1 1 0 1 0 1 0 1 1 0 0 0 1 0 0 1 0 1 0 1 0 1 0 0 1 1 0 0 1 0 1 1 1 0 0 0 0 1 0 2 0 1 4231.38
2910.32 3 3 2 1 2 1 3 2 2 2 4 3 2 4 0 1 1 0 0 0 0 1 0 1 1 1 0 1 0 1 0 0 0 0 1 1 1 1 1 0 0 1 1 1 0 1 1 0 0 0 1 1 0 0 0 0 0 0 1 0 1 1 1 0 1 1 1 0 1 1 0 0 0 0 1 1 1 1 1 0 1 0 1 1 1 0 0 1 0 0 0 0 1 0 1 0 0 0 0 0 0 0 1 0 1 0 1 1 1 0 1 0 0 0 0 0 1 1 0 1 1 0 1 0 1 0 1 1 0 0 0 0 1 0 1 1 1 1 0 0 1 1 1 1 1 1 1 1 1 1 0 1 0 1 1 1 1 0 1 1 1 0 0 0 1 0 0 1 0 1 1 2 1 0 2773.21
3919.56 3 3 3 3 2 2 4 2 4 1 4 4 1 1 0 1 0 0 1 0 1 1 0 1 1 1 1 1 1 1 0 1 1 0 0 1 1 0 0 0 1 1 1 1 0 1 0 1 1 0 1 1 1 1 1 1 1 0 0 1 0 1 1 0 1 0 1 1 1 1 0 0 1 0 0 0 1 1 1 1 0 1 0 1 0 1 0 0 0 0 1 1 1 1 1 1 1 0 1 1 1 0 0 0 0 1 0 0 0 0 0 0 1 0 1 1 0 1 0 1 1 1 0 0 0 0 1 1 0 0 0 0 0 0 0 0 0 0 1 1 1 1 1 0 0 0 1 0 1 1 0 0 1 0 0 1 1 0 0 0 0 0 1 0 1 1 1 0 0 1 1 3 0 0 3687.58
4115.16 3 2 1 3 2 1 3 4 4 3 1 4 2 3 1 1 1 1 1 0 0 1 1 1 0 1 1 0 0 1 0 1 1 1 1 0 1 0 1 1 0 0 0 0 1 0 1 1 0 0 0 1 1 0 1 0 0 1 1 0 1 1 0 0 1 0 1 0 1 0 1 0 0 1 0 1 1 0 0 1 1 0 1 1 1 0 0 1 1 0 1 1 0 1 1 0 0 0 0 1 1 0 1 0 1 0 1 0 1 1 1 0 0 1 1 0 1 0 1 1 0 0 0 0 0 0 1 0 1 0 0 1 1 1 1 0 0 1 0 0 0 1 0 1 0 0 1 0 0 1 0 1 1 1 1 0 0 0 1 0 1 1 1 1 0 0 0 0 0 1 1 3 0 1 2454.31
4243.62 2 4 3 3 4 3 2 2 1 2 3 3 1 3 1 0 1 0 1 1 0 0 0 0 1 0 0 0 1 0 0 0 0 1 1 0 1 0 0 0 0 1 1 1 0 0 0 0 0 1 1 0 0 0 1 1 1 0 0 1 0 1 0 1 0 1 0 1 1 1 1 0 1 1 1 0 0 1 0 0 0 0 0 1 1 0 1 1 1 0 0 0 1 0 1 1 0 1 0 0 0 0 0 0 1 0 1 0 1 1 0 0 1 0 1 0 0 1 0 0 0 1 0 0 1 1 1 0 0 1 1 0 0 1 1 1 1 0 1 0 0 1 0 1 0 0 1 1 1 0 1 0 1 1 1 0 1 1 1 1 1 0 1 1 0 1 0 1 1 1 0 1 1 0 3686.12
4288.23 2 1 1 2 3 4 3 2 1 3 4 2 3 4 1 0 0 1 1 1 0 0 0 1 1 1 1 0 0 0 0 0 1 0 1 1 0 1 0 1 0 1 0 1 1 1 0 1 1 1 0 0 0 0 0 0 1 0 1 1 1 1 0 1 1 0 1 1 1 1 1 1 1 0 1 0 1 0 1 1 1 1 1 1 1 1 1 0 1 1 1 0 0 0 1 0 1 0 0 0 1 1 0 1 0 1 0 1 0 0 0 1 1 0 1 0 0 1 0 1 1 0 1 1 0 1 1 1 0 1 1 1 0 1 1 1 1 1 1 1 0 0 1 1 1 0 0 0 0 1 1 1 0 0 0 1 0 0 1 1 1 0 0 1 0 1 0 1 0 0 0 3 1 0 3710.64
2854.81 1 1 2 4 1 2 4 2 1 4 1 4 1 2 1 1 0 1 0 0 1 0 1 1 0 0 0 1 0 0 0 0 0 1 1 1 1 1 0 1 0 1 0 0 0 0 1 0 0 1 1 1 1 0 1 1 1 0 1 0 0 0 1 1 1 0 0 1 1 0 1 1 0 1 0 0 1 0 0 0 1 0 0 1 1 0 0 1 1 1 0 1 1 0 0 1 0 0 1 0 0 1 0 0 1 1 1 0 0 1 0 0 0 0 0 0 1 1 0 1 1 1 1 0 1 0 0 1 0 1 0 0 1 1 1 1 1 1 1 0 0 1 0 0 1 0 1 1 0 0 1 1 0 1 1 0 0 0 1 1 1 1 0 1 1 1 0 0 1 1 0 2 0 0 3391.01
3880.61 1 3 2 4 2 4 3 3 2 2 2 4 2 4 1 0 1 0 0 0 1 0 0 0 1 1 0 1 0 0 1 1 0 1 0 1 1 1 1 0 0 1 1 1 0 1 0 1 0 1 1 0 1 1 0 1 1 0 1 0 0 1 1 0 1 1 1 0 0 1 0 0 1 1 1 0 0 0 0 1 0 1 0 1 0 1 1 1 0 0 0 0 0 0 0 1 1 0 1 0 0 0 0 1 0 0 0 1 1 0 1 0 1 1 1 1 0 1 1 1 0 1 0 1 0 1 1 1 0 0 0 1 0 0 0 1 0 1 1 0 1 0 1 1 1 0 0 1 1 1 0 1 0 1 0 1 1 1 1 1 1 0 1 1 1 1 1 0 0 1 1 2 0 1 4047.74
4041.26 4 3 3 2 4 2 3 1 1 2 2 4 2 1 0 0 1 1 0 1 0 1 1 0 1 0 1 1 1 1 0 1 0 0 0 1 0 1 0 0 0 1 0 0 1 1 0 1 0 1 1 0 0 0 1 0 0 0 1 0 1 1 0 1 1 1 0 0 1 0 0 1 0 1 1 1 0 0 1 0 1 0 0 0 1 1 1 1 1 1 1 0 1 1 1 0 0 1 0 0 0 1 0 0 0 1 1 0 0 0 0 1 1 0 1 0 0 0 0 0 0 1 1 0 0 1 0 1 0 0 1 0 1 1 1 0 1 1 0 0 1 0 1 0 1 0 0 0 1 0 1 1 0 1 1 1 0 1 1 1 1 1 1 1 1 1 0 0 1 1 0 2 1 0 4207.18
3484.33 3 2 1 3 2 3 3 4 3 2 4 3 1 1 1 1 1 1 1 1 0 1 1 1 1 0 0 0 1 0 0 0 1 0 0 0 1 0 1 1 0 0 0 0 1 0 0 1 0 1 1 1 0 1 0 0 0 0 1 0 0 1 1 0 0 1 0 0 0 0 1 0 1 1 1 1 1 0 1 1 1 0 0 0 0 1 0 0 1 1 0 0 0 0 0 1 1 0 1 1 1 1 1 1 1 0 1 0 1 0 1 1 0 1 1 1 1 1 0 0 1 0 0 0 1 1 0 0 0 1 0 1 1 1 1 1 1 0 0 1 1 1 1 1 0 1 1 0 0 0 0 1 1 1 1 0 0 1 0 0 0 1 1 1 0 1 0 1 1 1 0 3 0 1 3198.82
2453.39 3 3 2 3 2 2 2 4 3 3 3 4 3 1 0 0 1 1 1 0 0 0 1 1 1 1 1 1 1 0 1 1 1 1 0 1 1 1 1 0 1 0 1 0 0 1 1 1 0 1 1 1 1 0 1 1 1 1 1 0 0 1 1 1 0 1 1 1 1 0 1 1 0 1 1 1 1 0 0 0 0 0 0 0 1 0 0 1 1 0 1 1 1 0 1 0 0 1 0 0 1 1 1 1 1 0 0 1 1 1 0 1 1 1 0 0 0 1 1 1 1 1 1 0 1 1 1 1 1 1 1 1 0 1 1 0 1 1 0 0 0 0 0 1 0 0 0 0 1 1 0 0 1 1 0 1 1 0 1 0 1 1 1 1 1 1 0 0 0 1 1 2 1 0 2762.30
3773.89 4 2 2 4 3 4 2 3 3 2 4 2 4 2 1 0 1 1 0 1 1 1 0 0 0 1 0 1 1 1 1 0 0 0 1 1 0 0 1 1 1 0 0 0 0 0 0 0 0 1 1 0 0 0 1 1 1 1 0 1 0 1 0 1 0 1 0 1 1 1 1 0 1 0 0 1 1 0 1 1 0 0 1 1 1 0 0 0 1 0 0 0 1 0 1 1 1 1 1 1 0 0 0 0 1 0 1 0 0 0 1 0 1 1 0 1 0 0 0 0 1 1 1 0 1 0 1 1 0 1 0 1 0 0 1 0 1 0 0 1 0 1 0 1 1 0 0 0 1 0 1 0 0 0 0 0 1 0 1 1 1 0 1 0 0 1 1 0 0 0 1 1 0 1 2293.47
3318.26 3 1 4 3 2 2 1 3 2 2 3 2 3 3 0 0 1 1 1 1 0 1 1 1 0 1 1 1 1 1 0 0 1 0 0 0 0 0 1 1 0 0 0 0 0 0 1 0 0 1 0 0 0 1 1 1 0 1 1 0 0 1 1 0 1 1 1 0 0 0 1 1 0 1 0 0 0 0 1 0 1 1 0 0 1 1 1 1 0 0 0 0 0 0 1 1 1 0 0 1 0 1 1 1 0 0 0 1 0 1 1 0 0 0 1 1 0 1 1 1 1 1 1 0 1 0 0 0 0 0 1 0 1 1 1 0 0 0 0 0 1 1 1 1 0 0 1 0 1 0 1 0 0 1 0 1 0 0 1 0 1 1 1 0 1 1 1 0 0 0 1 3 1 0 2782.40
3158.21 3 2 3 2 4 4 2 3 4 2 2 3 4 2 0 1 0 0 1 1 0 0 0 1 0 0 0 0 1 0 0 0 0 1 1 0 0 0 0 1 0 1 0 1 1 0 0 0 0 0 1 0 0 0 0 0 1 1 0 1 1 1 1 0 0 1 1 1 0 0 0 1 0 1 1 0 1 1 1 0 1 1 1 0 1 1 0 0 0 0 0 1 1 1 0 1 1 1 1 1 0 0 0 1 1 1 1 1 0 1 1 0 1 1 0 0 1 0 0 1 1 0 1 1 1 1 1 1 0 0 1 1 1 1 1 1 1 0 1 0 1 1 0 1 0 0 0 1 1 0 0 0 1 1 0 1 0 1 1 1 0 1 0 0 1 1 0 0 1 1 1 2 1 0 2618.55
2716.97 3 1 4 4 1 4 4 3 1 3 3 4 2 1 1 0 1 1 1 0 1 1 1 1 0 1 0 0 1 1 1 0 0 1 1 1 1 0 1 1 0 0 0 1 1 0 1 1 1 0 1 1 1 1 0 1 1 0 0 1 0 0 0 1 1 1 0 0 1 0 0 0 0 1 0 0 0 0 1 0 0 1 0 0 0 1 1 1 1 1 0 0 1 0 0 1 0 0 0 0 1 1 1 1 0 0 0 1 0 1 0 0 1 1 0 1 0 0 1 0 0 1 0 1 1 1 1 1 0 0 0 0 0 1 0 0 1 0 0 0 0 1 1 1 0 0 0 0 0 0 0 1 1 0 0 0 1 1 1 1 1 1 0 1 1 1 0 0 1 0 0 1 1 0 2656.83
4098.18 3 4 1 1 2 2 2 2 4 2 1 4 2 4 0 1 1 1 1 0 0 0 1 1 0 1 0 0 0 1 0 0 1 1 0 0 0 1 1 0 0 0 1 0 1 1 1 1 1 0 1 0 1 1 1 1 0 1 1 1 0 1 1 1 0 0 0 1 0 1 1 0 1 1 0 1 0 0 1 1 1 1 0 1 0 1 1 1 1 1 0 0 1 1 0 1 1 0 1 0 0 1 1 1 1 0 0 0 1 1 0 1 0 0 1 0 1 0 0 1 1 0 1 1 0 0 0 1 1 0 1 1 0 0 1 0 0 1 1 1 0 1 0 1 0 0 0 0 1 0 0 0 1 1 1 0 1 0 1 0 0 1 0 0 1 0 0 0 1 0 0 2 1 0 3703.83