0.000000e+00
3.461360e-03
1.132544e-03
1.475513e-03
8.492675e-04
4.663725e-03
-9.516453e-04
8.147424e-03
-3.862876e-04
7.970247e-03
6.649015e-03
5.465207e-03
6.252946e-03
7.981922e-03
-1.068048e-03
1.362018e-03
3.938328e-03
5.264341e-03
3.854409e-03
1.610433e-03
3.435154e-03
6.857373e-03
5.646511e-03
4.660495e-03
3.541314e-03
-7.464106e-04
7.703690e-03
7.754514e-03
5.547861e-03
4.139127e-03
-1.185991e-03
5.587499e-03
-1.691528e-03
3.959944e-03
2.896018e-03
1.578593e-03
-2.156818e-04
6.666312e-03
-4.242639e-04
4.964201e-03
7.497059e-03
2.449959e-03
6.718136e-03
5.555701e-03
1.875488e-03
2.007915e-03
-7.193519e-04
5.990533e-03
-1.530730e-03
5.071018e-03
1.852441e-03
1.620137e-03
1.288636e-03
1.942659e-03
-6.224571e-04
7.938683e-03
2.904241e-03
7.672100e-04
3.077973e-03
5.566465e-04
3.212235e-03
-1.994778e-04
-1.101485e-03
3.921258e-03
6.412067e-03
6.969092e-03
-1.424906e-03
5.780530e-03
4.788113e-03
7.459032e-03
-1.867927e-04
4.922198e-03
-1.635405e-03
8.119107e-03
3.696964e-03
4.830019e-03
3.844566e-03
4.152537e-04
5.359415e-03
-1.508944e-03
5.121651e-03
5.065128e-03
3.303474e-03
3.442002e-03
3.250367e-03
2.063684e-03
-6.736582e-05
7.916428e-03
2.292645e-03
5.192547e-03
1.247692e-03
2.054967e-03
-1.481220e-03
-1.599184e-04
6.657271e-03
6.079139e-03
4.871850e-03
1.451385e-03
6.108467e-03
3.933988e-03
5.861374e-03
