2680.80 3 2 1 4 3 3 1 3 4 3 3 3 2 2 1 0 0 1 0 0 1 1 1 0 1 0 1 1 0 0 1 0 0 0 0 0 1 1 1 0 0 0 1 0 0 0 0 0 0 1 1 0 0 1 1 1 1 1 1 1 1 1 1 0 0 0 0 0 1 0 1 0 1 0 1 1 1 0 0 0 0 1 1 0 0 0 0 0 1 1 0 1 0 0 1 1 1 0 0 1 0 0 0 1 0 1 0 0 0 1 0 0 0 1 0 1 1 1 0 0
3154.40 4 3 3 3 4 2 3 1 3 4 3 4 1 4 0 1 1 1 1 1 0 0 1 1 0 1 1 1 1 0 0 1 0 0 1 0 1 0 1 1 1 1 0 0 0 1 0 0 0 0 0 0 1 0 1 0 1 1 1 1 0 1 1 1 0 0 0 1 0 0 0 0 0 0 0 1 0 0 1 0 0 1 1 1 0 1 0 0 0 0 0 1 0 1 1 1 0 0 1 1 0 0 1 0 1 1 0 0 0 0 1 0 1 0 0 0 1 1 1 0
4121.59 3 1 1 3 4 3 2 3 3 3 2 3 2 4 0 1 1 1 0 1 1 0 0 0 1 1 1 0 1 0 0 0 0 0 0 1 1 1 1 0 1 1 1 0 1 1 0 0 0 1 0 0 1 0 0 1 1 1 0 0 1 0 1 1 0 0 0 1 1 0 0 1 0 1 0 0 0 1 0 0 1 1 0 1 1 1 1 1 0 0 0 1 1 1 1 1 1 1 1 1 1 0 1 1 0 0 0 1 0 1 0 0 1 0 0 0 2 1 1 0
3611.07 4 4 2 1 1 4 2 1 2 3 3 3 4 3 0 1 1 0 0 1 0 0 0 1 1 0 1 0 1 0 0 1 1 0 0 1 0 1 1 0 0 1 1 1 1 1 1 0 1 0 0 1 0 1 1 1 0 0 0 1 1 1 0 1 1 0 0 1 0 0 1 1 0 0 0 1 0 0 1 1 0 1 1 0 1 0 0 0 0 1 1 0 0 1 1 1 0 0 1 0 0 0 1 0 1 1 1 1 0 1 1 0 1 0 1 1 2 1 1 0
3857.94 1 4 2 2 2 2 1 4 1 3 2 1 3 2 0 0 1 0 0 1 1 0 0 1 0 0 0 1 1 0 1 0 1 0 1 1 0 1 1 1 0 1 1 1 1 1 1 1 1 0 0 1 0 0 1 0 1 1 1 1 1 1 1 0 0 0 1 0 0 0 0 1 1 0 0 1 1 0 1 1 0 1 0 0 1 1 1 1 0 1 1 1 1 0 0 1 1 0 1 0 1 1 0 0 1 0 0 1 0 0 1 0 1 0 1 0 3 0 1 0
2742.88 3 3 3 3 1 2 4 2 2 2 2 1 2 4 0 1 1 1 0 0 0 0 0 1 0 1 0 1 1 1 1 0 0 0 1 0 1 0 1 1 1 0 0 1 0 0 1 1 1 1 0 1 0 1 1 0 0 0 1 0 0 0 0 0 1 1 1 0 0 0 0 1 1 1 1 1 0 1 1 1 0 1 1 0 0 1 1 0 0 0 0 0 0 1 0 0 1 0 0 1 1 0 1 0 1 1 1 1 0 1 1 0 0 0 0 1 3 1 1 0
2535.95 1 4 2 2 3 4 2 4 4 2 2 1 3 3 0 1 1 0 1 1 1 0 0 1 0 0 0 0 0 0 0 0 1 0 1 1 0 1 0 1 0 1 0 1 1 0 1 1 0 1 0 0 1 1 0 0 0 0 0 1 1 0 1 1 0 0 1 1 1 1 1 0 1 0 0 0 1 1 0 0 1 1 0 1 0 1 1 0 0 0 0 0 1 1 1 0 0 1 1 1 0 0 1 1 1 0 1 1 0 0 0 0 1 1 1 1 2 0 1 0
3055.78 4 2 4 1 2 2 3 3 2 2 1 2 2 4 1 0 1 1 0 1 1 0 0 0 1 0 0 0 0 0 0 0 0 0 1 0 0 0 1 0 1 1 0 0 0 0 0 0 0 0 1 0 1 0 0 0 0 0 1 0 1 0 1 0 0 1 1 1 1 1 1 1 0 1 1 0 0 1 0 1 0 1 1 0 1 0 1 1 1 1 0 0 1 0 1 1 1 0 0 1 1 0 0 0 1 0 1 1 1 1 1 0 1 1 0 0 2 1 0 0
3444.82 3 2 4 3 3 2 1 4 2 2 3 3 3 3 0 0 0 0 0 0 1 1 0 0 1 1 1 1 1 0 1 0 1 1 1 0 1 1 0 1 1 0 0 1 1 0 0 1 0 0 0 1 0 1 1 0 1 1 0 0 1 0 1 0 0 1 1 1 1 1 0 0 0 1 0 1 1 0 0 1 1 0 1 0 0 1 1 0 1 1 1 1 0 1 0 1 0 0 0 0 1 0 0 1 0 0 0 0 1 0 1 1 0 1 0 1 1 1 0 1
3300.15 3 4 3 1 4 3 2 3 2 4 2 2 2 3 1 1 0 1 0 0 0 1 1 1 1 0 1 1 1 1 1 0 0 1 0 1 1 0 0 0 1 1 0 1 0 1 0 0 1 1 0 0 1 1 1 1 0 0 0 1 0 1 1 1 1 1 0 1 1 1 0 1 1 1 1 0 1 1 1 0 1 1 1 1 0 1 1 0 0 1 1 1 0 0 0 1 1 0 1 0 1 0 0 0 1 0 0 1 0 1 0 1 0 1 1 1 1 0 1 0
2567.55 4 2 2 2 3 4 2 2 3 2 3 2 2 2 0 1 0 0 0 1 0 1 1 0 0 0 0 1 1 0 1 1 1 0 1 1 0 0 1 0 1 1 0 0 0 1 0 0 0 0 1 1 1 1 0 1 0 1 1 0 0 0 0 1 1 0 1 0 1 1 0 0 0 0 0 0 1 0 1 1 0 0 0 1 0 1 1 0 1 0 0 0 0 0 0 1 0 1 1 1 1 1 0 0 1 1 1 0 0 1 1 0 0 0 1 1 2 1 0 0
2801.51 3 3 3 3 2 3 1 1 3 3 4 1 1 3 1 1 0 0 1 1 1 1 0 1 1 1 0 1 1 1 1 1 0 1 0 1 0 1 1 1 0 1 1 0 0 0 1 0 1 0 1 0 1 1 0 1 1 0 0 0 1 0 0 1 0 1 0 0 1 0 0 0 1 0 1 0 0 0 1 0 0 1 0 0 0 1 0 0 1 0 1 0 1 1 0 0 1 0 0 1 0 0 0 0 0 1 1 0 0 0 0 1 1 1 0 1 2 0 0 1
3481.54 3 3 2 2 3 4 2 2 3 3 2 3 2 2 1 0 1 1 1 1 1 0 0 0 0 0 1 0 1 1 0 0 0 1 0 1 0 0 1 0 1 1 1 0 0 1 1 0 1 0 1 1 1 1 1 1 0 0 1 1 0 1 1 1 1 1 0 1 1 1 1 1 1 1 0 0 0 0 1 0 1 1 1 0 1 0 0 1 0 1 1 0 0 1 0 1 0 1 0 0 1 0 1 1 1 1 1 0 0 1 0 1 1 0 0 1 2 0 1 0
3604.92 2 1 4 2 1 3 4 2 3 2 1 4 2 2 1 1 0 0 0 0 0 0 0 0 0 1 0 0 1 1 1 1 0 1 0 1 1 0 0 1 0 0 1 1 1 0 1 1 1 0 1 0 1 1 0 0 1 0 1 0 1 1 0 1 0 0 1 1 1 0 0 1 1 1 1 0 1 1 1 1 0 0 1 1 0 1 1 1 0 0 1 0 1 1 0 1 0 0 0 1 0 0 1 1 0 1 1 0 0 0 1 1 1 0 1 1 2 0 0 1
4147.11 1 4 2 2 3 1 4 2 4 2 4 1 2 3 0 1 0 0 0 0 1 0 0 1 0 1 1 0 0 1 1 1 0 1 0 1 1 1 0 0 1 1 1 1 0 1 1 1 0 1 0 1 0 0 0 0 1 0 1 0 1 0 0 0 0 1 0 0 1 0 1 1 0 1 1 1 1 1 1 1 1 0 0 0 0 0 1 1 1 0 1 0 1 0 1 0 0 0 1 0 0 1 1 0 0 0 1 0 1 1 1 0 1 1 0 0 1 1 0 0
3016.36 3 3 3 4 1 4 4 3 3 2 3 3 4 2 0 1 1 1 0 1 1 1 1 1 0 0 0 0 1 0 0 0 1 0 1 1 1 1 1 0 0 0 0 1 0 0 1 1 1 0 1 1 1 1 0 1 1 0 0 1 0 1 0 1 0 0 0 0 0 1 1 1 1 0 1 1 1 0 1 0 1 1 1 0 0 0 1 0 1 1 1 0 0 0 0 0 1 1 1 0 0 1 1 0 0 1 0 1 1 1 0 1 0 1 0 0 1 0 0 0
4062.46 2 3 3 3 3 2 1 3 3 2 4 2 1 3 0 1 1 0 0 1 0 0 0 0 1 0 1 1 0 0 0 1 0 1 1 0 1 1 1 0 1 1 0 0 0 0 0 0 1 0 1 1 0 0 0 1 1 1 1 1 0 0 0 1 1 1 0 0 0 1 0 0 0 1 0 1 0 1 1 1 0 0 0 0 0 1 0 0 0 0 0 1 1 1 0 1 0 1 0 1 1 0 1 0 1 0 0 0 0 0 1 0 1 0 1 1 2 1 1 0
2705.23 2 3 3 4 1 2 4 4 2 2 1 1 3 4 0 0 1 0 1 0 1 0 0 0 0 1 1 1 1 1 0 1 1 1 1 1 0 1 1 0 0 0 1 1 1 1 1 0 1 0 1 0 0 0 0 1 1 0 1 0 0 1 1 0 1 1 1 1 0 1 0 1 1 1 1 1 1 1 0 1 1 0 0 1 0 1 0 0 0 0 1 1 1 1 0 1 0 0 1 1 0 1 0 0 1 1 0 0 1 0 1 1 1 1 1 1 1 1 0 0
4208.45 2 3 1 2 3 2 2 2 1 3 2 4 1 4 0 1 1 0 0 1 1 1 0 0 0 1 1 0 1 1 1 0 0 1 1 1 1 1 0 0 1 1 0 1 0 0 0 1 0 0 1 1 0 1 1 1 0 1 1 1 1 1 1 0 0 0 0 1 0 0 1 1 0 1 1 0 0 0 0 1 0 1 0 1 1 1 0 0 1 1 0 1 0 1 1 1 1 0 1 1 0 0 1 0 1 1 1 1 1 1 1 1 0 1 0 0 1 0 1 0
3593.56 3 1 3 2 4 2 2 3 1 4 2 4 3 4 0 0 1 0 1 1 0 0 0 0 1 1 0 1 0 0 1 1 0 0 1 1 1 1 1 1 1 1 1 0 0 0 1 0 0 0 1 0 0 0 1 0 1 0 1 1 0 1 0 1 1 1 0 1 1 1 0 0 1 1 0 1 1 0 0 1 1 1 0 0 0 0 1 1 0 0 0 0 1 1 0 0 0 1 1 0 0 1 1 0 0 0 1 0 1 0 1 1 0 0 1 0 3 1 0 0
2421.18 2 4 3 4 3 4 3 2 4 4 1 1 2 2 0 0 1 1 0 1 0 1 1 0 0 0 0 0 1 1 0 1 1 0 1 0 1 1 1 1 0 1 1 0 0 1 1 0 1 0 0 0 1 0 1 0 0 1 0 0 0 0 1 1 0 0 1 0 0 0 1 1 1 0 1 0 1 0 0 0 1 1 0 0 0 1 1 0 1 1 1 0 0 1 1 0 1 0 1 1 0 0 1 0 1 0 1 0 0 1 0 0 1 1 1 0 2 1 0 0
3148.16 2 4 2 1 3 3 3 4 3 4 1 2 3 2 0 0 1 1 1 0 1 1 0 0 0 1 0 1 1 0 0 1 0 0 0 1 1 0 1 1 1 0 1 1 0 1 0 0 0 0 1 0 1 1 0 0 1 1 1 0 1 1 0 0 1 1 1 1 0 0 0 1 0 0 0 0 0 0 1 1 0 0 0 0 1 1 0 1 1 0 0 0 0 1 0 0 0 0 0 1 0 1 1 1 0 1 0 1 1 0 1 1 1 1 1 0 2 0 0 0
3529.77 3 3 2 2 4 1 2 2 1 3 3 3 2 4 0 1 1 0 1 1 0 1 0 0 1 1 1 1 0 1 0 0 0 1 1 1 1 1 0 1 0 0 1 1 1 1 1 0 0 0 1 1 0 1 0 1 1 1 0 1 1 1 1 0 1 1 0 0 0 0 1 1 0 0 0 1 0 1 1 1 1 0 1 1 0 1 1 0 0 0 1 1 1 0 0 0 1 1 1 0 0 1 0 1 0 1 0 0 0 1 0 1 1 1 0 1 3 1 1 0
2300.79 1 1 2 2 2 4 2 2 2 2 3 3 4 4 1 1 0 1 1 0 1 1 1 0 1 0 0 0 0 1 1 1 0 0 1 1 0 1 1 0 1 1 0 0 1 0 0 0 0 1 0 1 0 1 1 1 0 0 1 1 0 0 0 1 0 0 0 0 1 0 1 0 0 0 0 1 0 0 1 1 0 0 0 0 0 0 1 1 0 1 1 0 1 1 1 1 0 1 0 1 1 0 0 1 1 1 1 1 1 0 1 1 0 1 1 0 2 1 0 0
3245.51 2 4 2 3 1 3 3 3 4 3 3 3 2 2 0 1 1 0 1 1 1 0 0 0 0 0 1 1 1 1 0 0 1 0 1 0 1 0 1 0 1 1 0 0 0 1 1 1 0 1 0 1 1 1 1 1 1 1 1 1 0 1 1 1 1 1 1 0 0 0 1 1 1 1 0 1 0 0 1 1 0 1 1 0 1 0 1 0 0 1 0 1 0 1 0 0 1 1 1 0 1 0 0 1 1 0 0 1 0 0 0 1 0 0 1 1 1 1 0 1
2202.16 3 4 3 2 2 2 2 3 3 2 4 2 2 1 0 0 0 0 1 1 0 1 0 0 1 1 1 0 1 0 1 0 1 0 1 0 0 1 0 1 1 1 1 1 0 0 0 1 0 0 0 0 0 0 0 0 0 1 1 0 0 0 1 0 0 1 1 1 1 1 0 0 0 1 0 0 0 0 1 1 0 0 0 0 0 1 0 0 0 1 1 0 0 1 1 1 0 0 0 1 0 0 1 0 0 1 0 0 1 1 0 1 0 1 0 0 2 0 0 0
3253.85 4 4 4 3 2 4 1 2 3 4 2 2 3 4 0 1 1 0 1 1 0 0 1 1 1 0 0 1 0 1 0 0 0 0 0 1 1 0 0 0 1 1 0 1 0 1 0 0 0 1 0 0 1 1 0 0 1 1 1 1 1 1 1 1 1 1 1 1 1 1 1 0 0 1 0 0 1 1 1 1 1 1 0 1 0 1 0 0 1 0 0 1 0 1 0 1 0 0 0 1 0 0 0 1 0 1 1 0 0 0 0 0 1 0 0 0 3 1 0 0
2600.22 2 1 1 2 1 2 4 3 2 3 3 3 2 1 1 1 0 0 1 1 0 1 1 1 0 0 0 0 1 1 0 1 1 1 0 1 0 0 1 0 0 0 0 0 0 0 1 1 1 1 0 1 0 0 0 1 0 1 0 1 1 1 0 0 0 1 0 0 1 0 1 1 1 0 0 1 0 0 1 1 0 1 1 0 1 0 1 1 0 1 0 0 1 1 0 0 1 0 0 1 1 0 1 0 0 1 1 1 1 0 1 1 0 0 0 1 2 1 0 1
2810.36 2 1 4 4 2 1 3 4 3 3 2 2 2 2 0 1 1 0 0 0 1 0 1 0 0 1 0 0 0 1 1 0 1 1 0 0 1 0 0 1 0 1 0 0 0 0 0 1 0 1 1 1 0 1 0 1 1 0 0 1 0 0 0 0 1 1 1 0 1 1 1 0 1 0 1 0 0 1 1 1 1 1 1 1 1 1 0 1 0 0 0 1 1 1 0 1 0 1 1 1 0 1 0 1 0 1 1 0 0 0 1 0 0 0 1 1 2 0 0 0
2497.30 1 2 1 3 2 2 2 2 1 3 2 2 2 2 1 0 1 1 0 1 0 1 0 1 0 0 1 1 0 1 0 1 1 0 1 0 0 0 1 0 1 0 0 0 0 0 1 1 1 0 0 1 1 1 0 1 0 1 1 0 1 0 0 1 0 1 1 0 0 0 0 1 1 1 1 1 1 0 1 1 0 0 1 1 1 0 0 1 0 0 1 1 0 1 0 1 0 0 1 1 0 0 1 0 0 1 1 0 0 1 1 0 0 1 1 1 2 1 0 1
3435.29 2 2 2 2 3 3 4 2 2 4 4 3 1 3 0 0 0 0 0 1 1 0 1 0 1 1 1 1 0 0 0 0 0 1 1 0 1 1 1 0 0 0 0 0 1 0 0 1 1 0 1 1 1 1 1 1 0 1 0 0 1 0 0 0 0 1 0 1 0 1 1 1 0 1 1 1 0 1 1 0 0 1 1 1 0 1 0 1 0 1 1 0 0 1 1 1 1 0 0 0 0 1 0 1 1 0 1 0 1 1 0 1 0 0 0 0 3 0 0 0
3323.27 1 2 2 1 3 3 2 4 2 2 3 2 4 4 1 0 1 0 1 0 0 0 1 0 0 1 0 0 1 0 1 0 1 1 1 0 0 1 0 0 1 1 1 1 0 1 0 1 0 1 1 0 1 0 1 1 0 1 1 0 0 1 0 1 1 0 1 1 1 0 1 0 0 1 0 1 1 1 0 1 0 1 1 0 0 1 1 0 1 1 0 1 1 0 0 0 1 1 1 1 0 0 1 1 1 1 0 0 1 0 0 1 1 1 1 1 2 1 1 0
2424.64 4 3 4 3 4 2 4 2 2 2 1 2 3 1 0 0 0 1 0 0 1 0 1 1 1 0 0 0 0 0 0 1 0 0 0 0 0 1 1 1 1 1 1 1 1 1 0 1 1 1 1 1 0 0 1 1 1 0 1 0 1 0 0 1 0 1 1 0 0 0 0 0 0 0 1 1 1 0 0 1 1 0 1 0 0 1 1 0 0 1 1 0 0 1 1 1 1 1 1 0 1 0 0 0 0 0 1 1 1 0 1 0 0 1 1 1 2 1 0 1
2782.45 3 2 1 3 3 2 2 2 1 4 4 3 2 2 1 0 1 1 0 0 0 1 1 0 0 0 0 1 0 0 1 0 0 1 1 1 1 0 1 1 0 0 1 1 0 1 1 0 1 0 0 0 0 0 0 1 0 1 0 1 1 0 1 1 0 1 1 1 0 0 1 0 0 1 0 1 0 0 1 1 1 1 0 1 0 0 1 1 0 1 0 0 0 1 0 1 1 1 1 0 1 0 1 1 0 0 1 0 1 0 1 0 1 1 1 1 2 1 0 0
3962.29 2 3 1 4 1 2 3 2 3 2 4 2 2 3 1 0 0 0 0 1 0 0 0 1 1 0 0 1 1 1 0 1 0 1 0 1 0 0 0 0 0 0 0 1 0 0 0 1 1 1 1 0 0 0 0 0 1 1 0 1 1 1 1 1 1 0 1 1 0 1 1 0 1 1 1 1 0 0 1 0 1 1 0 0 1 1 1 1 1 0 1 0 1 1 0 1 1 0 1 1 0 1 0 1 0 0 1 0 1 0 0 1 0 0 1 1 1 0 0 1
2890.82 3 2 3 4 1 2 3 2 2 1 1 3 2 2 1 0 0 1 1 1 0 1 1 0 0 1 1 1 1 1 0 1 0 0 0 1 1 0 0 0 0 0 1 1 1 0 1 1 1 1 0 1 0 0 1 0 1 0 1 1 0 1 0 0 1 1 0 1 0 1 1 1 0 0 0 0 1 0 0 1 1 0 0 1 0 1 0 1 1 0 1 0 1 0 0 0 0 0 1 0 1 0 0 0 0 1 0 1 0 1 1 0 0 1 0 1 1 1 0 0
2417.73 4 2 3 3 3 3 3 2 1 4 2 3 4 3 1 0 1 1 0 1 0 1 0 0 1 1 1 0 1 0 1 1 1 0 0 0 0 0 0 0 0 0 1 0 0 1 1 1 0 0 0 1 0 0 0 1 1 1 1 0 1 0 1 0 1 1 1 0 1 0 0 1 0 1 0 0 1 1 0 1 1 1 1 1 0 0 0 0 0 1 1 1 1 0 1 1 0 1 0 0 0 1 1 0 0 0 0 0 1 0 1 0 0 1 1 0 3 1 0 0
3715.41 4 3 1 3 2 4 3 3 1 4 2 3 4 1 1 1 1 0 0 1 0 0 0 1 0 0 0 1 0 1 1 1 0 1 1 1 1 1 0 0 0 1 1 0 1 1 0 0 1 1 1 0 1 0 0 1 1 0 1 0 1 0 0 1 0 1 0 1 1 1 1 0 0 0 1 0 0 0 1 1 1 1 1 0 1 1 0 1 0 0 1 0 1 1 0 1 1 1 0 0 0 1 0 0 0 1 0 1 1 1 1 1 1 0 0 0 1 1 1 0
3501.61 2 3 4 4 4 3 3 3 3 2 4 3 1 2 1 1 1 1 1 1 0 1 1 1 0 0 0 1 1 1 1 1 0 1 0 0 0 1 1 1 0 1 0 1 0 0 0 1 0 1 1 1 1 1 1 1 1 0 1 0 0 0 1 0 1 1 0 1 1 1 1 1 0 0 1 0 0 0 1 0 1 0 0 0 0 0 1 1 1 1 0 1 0 1 1 1 1 1 0 1 0 0 1 0 0 0 1 0 1 0 1 1 0 1 0 0 1 1 1 0
2193.82 2 1 1 3 2 3 2 2 3 4 1 2 4 3 0 0 1 0 0 0 0 1 0 1 1 0 0 0 1 0 0 1 1 1 0 1 0 1 1 1 1 0 0 0 1 1 0 0 1 0 0 1 0 0 1 0 0 0 1 1 0 0 0 1 0 0 0 0 1 0 1 1 1 0 1 0 0 1 1 0 1 0 0 0 0 0 0 0 0 1 1 0 1 1 1 0 0 0 1 1 0 1 1 1 1 0 1 0 0 0 1 0 0 1 0 1 1 1 0 0
4036.78 2 3 3 3 3 2 2 3 2 4 1 3 2 2 0 1 1 1 1 1 1 1 0 1 1 0 0 1 0 0 1 1 1 0 1 0 0 0 0 0 1 0 0 1 1 0 0 1 1 1 0 1 0 0 1 1 0 1 0 0 1 1 0 1 0 0 0 1 1 0 1 1 1 1 0 1 1 1 1 0 1 0 1 1 1 0 0 0 0 0 1 0 1 0 0 1 0 1 1 0 1 1 0 1 0 0 0 0 0 1 0 1 1 0 1 1 2 1 1 0
2928.91 3 2 2 1 3 3 2 4 2 3 2 3 2 4 0 1 0 1 0 0 1 0 0 0 0 0 0 1 1 1 1 0 1 1 0 0 0 0 0 0 0 0 1 0 1 1 1 1 0 1 0 1 0 1 0 1 1 1 0 0 1 1 0 1 1 1 1 1 0 1 1 1 0 0 0 1 1 1 1 1 1 1 1 1 0 1 0 1 0 0 1 0 0 0 1 0 1 0 1 0 1 0 0 1 1 0 0 1 0 1 0 1 0 1 0 1 3 0 0 0
3928.97 2 4 3 2 2 3 4 2 3 1 1 4 3 2 0 0 0 1 0 0 0 1 1 1 1 1 1 1 1 1 1 0 0 0 0 0 0 0 0 1 1 1 1 0 0 0 0 0 0 0 0 1 1 1 0 0 0 1 0 1 0 0 0 1 0 1 1 1 0 0 0 1 1 1 1 0 0 1 0 1 1 1 0 0 1 0 1 1 1 0 0 1 1 0 1 0 1 0 0 1 0 0 1 0 1 1 1 0 1 0 0 1 0 1 0 1 2 0 0 0
2262.01 4 4 4 3 4 3 3 3 1 1 3 3 2 2 1 1 1 0 1 0 1 1 0 0 0 0 0 0 1 0 1 0 0 1 0 0 1 0 0 0 0 0 0 1 0 0 0 1 1 1 1 1 0 1 0 1 1 0 0 0 0 1 1 1 0 0 1 0 1 1 0 0 0 0 1 0 1 1 1 0 1 0 0 0 1 0 1 1 1 0 0 0 1 0 0 1 1 1 1 1 0 0 1 1 1 1 1 0 1 0 0 1 0 1 1 1 1 1 0 0
2183.66 2 2 2 1 2 1 2 1 3 2 2 3 2 1 1 0 0 1 0 1 0 1 1 1 1 1 0 0 1 0 1 0 1 0 0 0 1 0 1 0 0 0 1 0 0 1 1 1 0 1 1 1 0 1 0 1 1 1 1 1 1 1 0 1 0 0 1 1 0 1 1 0 1 1 0 1 1 1 0 1 1 0 1 0 0 0 0 1 1 1 1 1 0 0 0 1 0 0 0 1 0 0 0 1 0 1 0 1 1 0 0 0 1 1 1 1 1 1 0 0
3308.42 2 3 2 3 3 1 1 2 2 2 1 1 3 3 1 1 1 1 1 1 0 0 1 1 1 0 1 1 1 1 1 0 1 0 1 0 0 0 0 0 0 1 1 0 1 0 0 1 0 1 1 0 1 0 1 1 0 1 1 1 1 0 0 1 0 1 1 1 0 1 0 1 1 1 0 0 0 1 0 1 0 0 0 1 0 1 1 0 1 0 1 0 1 0 1 1 0 0 0 1 0 1 1 0 1 1 0 1 0 0 0 0 1 1 0 1 1 0 0 0
3205.05 1 2 2 1 2 2 2 3 4 3 2 2 3 1 0 0 1 1 0 1 1 0 0 0 1 1 0 1 0 0 0 0 1 0 1 0 0 1 0 1 1 0 1 0 0 1 1 0 1 0 0 0 0 0 1 1 1 1 1 0 1 1 0 1 0 0 1 0 1 0 1 0 0 1 0 1 1 1 1 0 0 0 0 0 0 1 1 1 0 0 0 0 0 1 1 1 0 0 1 0 0 0 0 1 1 1 0 0 0 0 1 0 0 0 1 1 2 1 0 1
3106.58 3 1 1 2 3 1 3 4 4 2 3 2 3 1 0 1 1 1 0 1 0 1 1 1 0 0 0 1 1 0 1 0 1 1 1 1 0 1 0 1 0 0 0 0 1 1 1 1 0 0 0 1 1 0 0 1 0 1 1 0 0 0 0 0 1 1 0 0 0 1 1 0 0 0 0 1 0 0 1 0 0 0 0 0 0 0 0 1 0 1 0 1 0 0 1 0 0 0 0 0 1 1 1 1 1 1 0 1 1 0 1 0 0 0 1 1 2 0 1 0
3117.40 1 2 2 3 4 3 3 3 2 3 2 1 4 1 1 1 0 0 0 1 0 0 1 0 1 1 1 0 1 1 0 1 0 0 1 0 1 0 1 0 1 1 0 0 1 0 0 0 1 1 1 1 1 1 0 1 1 0 0 1 1 1 0 0 0 1 1 0 0 1 1 0 0 1 0 0 1 0 1 1 0 0 1 1 0 0 0 1 1 0 1 1 0 0 1 1 0 1 1 1 1 1 0 0 1 1 1 1 1 1 0 1 1 1 1 1 1 0 1 0
3661.43 3 2 1 2 2 3 4 2 2 4 3 3 1 4 0 0 1 0 0 0 0 1 0 1 1 1 1 0 1 1 1 0 0 1 0 1 1 0 1 0 0 0 0 0 1 0 1 0 1 1 1 1 1 1 1 1 0 0 0 1 0 1 1 0 1 1 1 0 1 0 0 0 0 1 1 0 1 1 0 0 1 0 1 1 1 0 1 0 1 1 1 0 0 1 1 1 1 1 1 0 1 1 1 1 0 0 0 0 1 1 0 1 1 1 1 1 3 0 0 0
3895.51 2 3 2 2 4 2 2 4 4 2 4 2 2 2 1 1 0 1 1 0 1 1 1 0 1 1 1 0 0 1 0 1 1 0 0 0 0 0 1 0 0 1 1 1 0 1 0 0 0 1 0 0 1 1 0 1 0 0 1 0 1 1 1 0 1 0 0 0 1 0 0 0 0 1 1 0 0 0 0 0 0 0 1 0 0 1 1 0 0 1 1 0 1 0 1 1 0 1 1 0 1 1 0 1 1 1 1 1 1 0 1 0 1 0 0 1 2 0 1 0
2827.98 4 2 2 2 4 2 3 4 1 3 2 3 3 3 1 1 0 1 0 0 1 1 1 0 0 0 0 0 0 0 0 1 0 0 0 1 0 1 0 0 1 1 0 0 1 1 1 1 0 1 0 1 1 0 0 0 1 1 0 0 0 0 1 1 0 0 1 0 1 0 1 0 1 0 1 1 1 0 0 1 0 0 1 0 0 0 0 1 0 1 0 1 0 1 1 0 1 1 0 1 0 1 0 0 0 1 1 1 1 1 1 1 1 1 1 1 2 1 1 0
3020.18 3 2 3 4 4 2 3 3 4 4 3 1 3 3 0 0 1 1 0 1 1 0 1 1 1 0 1 0 0 1 1 0 1 1 0 1 1 0 0 0 0 1 1 1 0 0 0 0 0 0 0 1 1 1 0 1 0 1 1 1 0 0 0 1 1 0 0 1 1 1 0 1 0 0 0 0 0 1 0 0 0 1 1 1 0 0 0 0 1 1 0 0 1 1 1 1 1 0 0 1 1 1 0 1 1 0 1 1 0 0 0 0 0 0 1 0 2 0 1 0
3320.95 2 3 2 4 2 1 3 4 1 2 3 3 1 2 1 0 1 1 1 1 1 0 1 0 1 1 0 0 1 0 0 1 0 0 1 1 1 1 0 0 1 0 0 1 1 1 0 1 0 0 1 1 1 0 1 1 0 1 1 1 0 0 1 1 1 1 0 1 0 1 1 0 0 0 1 1 0 1 1 1 1 0 0 1 0 0 1 1 1 1 0 1 1 1 0 0 0 0 0 0 1 0 1 1 0 1 1 1 0 0 0 1 0 1 1 1 2 1 1 0
2300.98 3 2 3 3 2 4 3 1 4 1 4 3 1 3 0 1 0 0 1 0 1 1 1 0 0 1 0 1 1 1 0 0 1 1 1 1 0 1 0 1 1 0 0 0 1 0 0 0 0 0 1 1 0 1 1 1 1 1 1 1 0 0 1 1 0 1 1 1 1 0 1 0 0 1 0 1 1 0 0 0 1 0 1 1 1 1 1 1 0 1 1 1 0 1 1 0 1 1 0 1 0 0 1 1 1 1 1 0 0 1 1 1 0 0 1 1 2 1 0 1
4144.76 2 2 2 4 2 3 1 2 3 2 2 3 2 2 0 1 0 1 0 0 0 1 0 0 0 1 0 0 1 0 0 0 0 1 1 0 0 1 1 0 1 1 0 1 1 0 0 0 1 0 0 1 1 1 0 0 0 0 0 0 0 0 0 0 0 1 1 0 1 1 1 0 1 1 1 1 0 1 1 1 0 0 0 0 0 1 0 1 0 0 0 1 0 0 0 0 1 1 1 1 1 0 1 0 1 1 1 0 1 0 0 0 0 0 0 1 3 0 0 0
2995.74 2 3 1 4 2 4 2 2 2 4 3 3 2 1 1 0 1 0 0 1 1 0 0 1 1 1 1 1 1 0 1 1 1 0 0 1 0 0 1 0 0 0 1 1 1 0 0 1 0 1 1 0 0 0 1 0 0 1 0 0 0 0 0 1 1 0 1 0 0 1 1 0 0 1 1 1 0 0 0 0 1 1 0 1 0 1 0 0 1 1 1 1 1 0 0 0 1 1 0 1 0 0 1 0 0 0 1 1 0 0 0 0 1 0 0 1 2 0 1 0
3111.45 1 3 1 4 1 2 3 4 3 3 3 3 4 4 1 1 0 0 1 1 1 1 0 0 0 1 0 0 0 1 0 0 1 0 1 1 0 0 0 1 1 0 1 1 1 1 0 1 1 1 0 1 0 0 0 0 0 0 0 0 0 0 0 1 1 1 0 0 0 0 0 0 1 0 0 1 1 0 1 0 0 1 0 0 0 1 0 1 0 1 1 0 1 0 1 0 0 0 0 0 0 0 1 0 1 0 1 1 0 1 1 1 0 1 1 0 2 0 0 1
3773.05 2 3 3 4 3 1 2 2 4 1 4 3 2 2 1 1 0 0 1 0 1 0 0 1 1 1 0 1 1 0 1 0 1 1 1 1 0 0 0 0 0 1 0 1 1 0 1 1 0 1 1 0 1 1 1 1 1 1 0 0 1 1 0 0 1 0 1 0 1 1 1 0 1 0 1 0 1 1 1 1 1 0 1 1 1 1 0 0 1 1 1 1 1 1 1 1 1 0 1 1 0 0 0 0 0 0 0 1 1 0 1 0 0 1 1 0 2 1 0 1
2414.70 1 1 3 4 2 2 3 2 3 2 4 4 4 3 0 0 0 1 1 0 1 0 1 0 0 1 0 1 0 0 0 0 0 0 1 0 1 0 0 1 1 0 0 0 0 0 1 0 1 1 0 1 0 1 1 0 0 0 0 0 1 0 1 0 1 1 1 1 0 0 1 0 1 0 0 1 1 0 1 1 0 1 0 1 1 0 0 0 1 1 1 1 0 1 0 0 0 0 1 1 1 0 0 1 0 0 1 0 0 0 0 1 0 0 0 1 2 0 1 0
4032.55 2 3 3 2 1 1 1 3 3 2 2 2 3 3 1 0 1 1 0 0 0 0 1 1 1 0 0 1 0 1 0 1 1 0 0 0 1 1 1 1 0 0 0 1 1 0 1 1 1 1 0 1 0 1 0 0 0 0 1 1 0 1 0 0 1 1 1 1 0 0 1 0 1 0 0 1 1 1 0 1 0 1 1 0 1 1 0 0 1 0 1 1 1 0 1 1 1 1 0 1 0 0 0 0 0 1 1 0 1 1 1 0 1 0 1 0 2 0 1 0
2903.20 2 1 1 2 2 3 4 2 2 3 3 1 2 4 1 0 0 0 1 0 0 1 1 0 1 1 1 0 1 0 0 0 0 0 0 1 1 0 1 1 0 0 0 0 1 0 0 1 0 0 1 0 0 1 0 1 0 1 0 1 1 0 0 1 0 0 1 0 0 1 0 1 0 0 0 0 1 0 0 1 0 1 0 1 0 0 0 0 0 1 0 0 0 0 1 1 0 1 0 0 1 0 1 1 0 0 0 0 1 0 1 0 0 1 1 0 3 0 1 0
4143.32 2 3 3 2 3 3 3 4 3 3 3 3 2 2 1 0 0 0 1 0 0 1 0 1 0 0 1 1 1 0 1 0 1 1 1 1 1 0 1 0 1 0 1 0 0 0 1 0 1 0 0 0 1 1 1 0 1 0 1 0 0 1 0 1 1 1 0 0 1 0 0 0 1 0 1 0 0 0 0 0 0 1 1 0 1 1 1 1 1 0 1 0 1 1 1 1 0 1 1 1 1 1 1 0 1 1 0 0 1 0 0 1 1 1 1 0 3 0 0 1
2601.32 3 2 4 4 3 3 2 3 4 2 3 2 3 2 0 0 1 0 0 1 0 1 1 0 0 1 1 1 1 1 1 1 0 1 0 0 1 0 1 1 0 0 1 0 0 0 1 0 1 0 1 0 1 1 0 0 0 1 1 0 1 1 1 1 0 0 0 0 1 0 1 1 0 0 0 1 1 0 1 0 0 0 1 0 0 1 0 0 0 0 1 1 1 1 0 1 1 0 0 0 0 0 1 0 1 1 1 1 0 1 1 1 0 0 0 0 2 1 0 0
3705.35 3 3 1 3 3 2 4 2 1 1 3 3 2 2 1 0 1 1 1 1 0 0 1 1 1 0 0 0 0 0 1 1 1 0 0 1 1 1 0 1 1 0 0 0 1 0 1 0 0 0 1 1 1 1 0 1 0 0 1 0 1 0 1 0 1 0 1 1 0 0 1 0 1 0 1 1 1 0 0 0 0 0 0 0 0 0 1 1 0 0 0 0 0 0 1 1 0 1 0 1 0 0 1 0 1 1 1 0 1 1 1 1 1 1 1 1 2 0 1 0
3753.06 2 3 3 3 1 2 4 2 2 3 2 4 3 3 0 1 0 1 1 0 0 0 1 1 1 1 1 1 0 1 1 1 0 0 0 0 0 1 0 0 0 0 0 0 0 0 0 1 1 1 1 1 0 1 0 0 1 1 1 0 0 0 1 0 1 0 0 0 1 1 0 1 1 0 1 0 1 1 0 0 0 1 0 1 1 0 0 1 0 1 1 0 0 0 1 1 0 1 0 0 0 0 0 1 1 0 0 0 1 0 1 1 1 1 0 1 2 0 1 0
4261.63 1 3 3 2 2 2 2 3 3 3 3 3 3 2 0 1 0 1 0 0 1 0 0 1 1 1 1 0 0 0 1 0 1 1 1 1 1 1 1 1 1 1 1 1 1 1 0 0 1 1 0 1 0 1 1 0 0 1 0 1 0 0 1 0 1 1 1 0 0 0 0 0 1 1 0 0 0 0 1 1 1 1 0 1 1 1 1 1 0 0 0 1 1 1 1 1 1 1 0 0 0 0 0 0 0 1 0 1 1 0 1 1 0 1 1 1 2 1 0 0
2383.95 2 2 2 3 1 2 2 2 1 3 3 3 4 4 1 0 1 1 0 1 0 1 0 1 1 1 0 0 0 1 0 0 1 0 1 1 1 1 0 1 0 0 1 0 1 0 0 1 1 1 1 0 1 0 0 0 0 0 1 1 0 1 1 0 1 1 0 1 0 0 0 0 0 1 0 0 1 0 0 1 1 0 0 1 0 1 1 0 1 1 0 1 1 0 1 1 1 0 1 1 0 1 1 1 1 1 0 0 1 0 0 1 1 1 1 1 2 0 0 0
4011.48 3 1 3 1 2 3 2 1 2 1 2 1 2 2 1 1 1 1 0 1 0 1 1 1 1 0 1 1 1 1 0 1 1 0 0 0 1 0 1 1 0 1 1 1 0 1 1 0 1 0 1 0 0 0 1 1 1 0 1 1 1 1 1 1 1 0 1 1 1 0 1 1 0 0 1 0 1 1 0 1 1 0 0 0 1 0 0 1 1 1 1 0 0 1 1 0 1 1 1 1 1 0 0 1 0 0 0 1 1 0 0 1 1 1 0 0 3 1 1 0
3557.24 2 2 4 2 3 4 2 3 3 2 1 2 3 1 0 1 0 1 0 0 1 1 0 1 0 0 1 1 0 1 0 0 0 0 1 0 0 0 0 1 1 0 1 0 0 1 1 0 1 1 1 0 1 1 1 1 0 1 1 1 0 0 0 1 1 1 1 1 0 1 0 1 1 0 0 0 0 0 0 0 0 1 0 1 1 1 0 0 1 0 1 0 0 1 1 1 1 1 1 1 0 0 0 0 1 0 1 0 1 1 1 1 1 0 1 1 2 1 1 0
4231.47 2 1 1 4 2 3 4 4 2 2 1 3 1 1 1 0 1 1 0 0 0 1 0 1 0 0 0 1 0 0 1 1 0 1 0 1 0 0 0 1 0 1 1 1 1 1 1 1 0 0 1 0 1 1 0 0 1 0 0 1 1 0 1 0 0 1 0 0 1 0 0 1 1 0 0 1 0 0 1 1 0 0 0 1 1 1 0 0 0 1 1 0 0 0 1 1 1 0 1 1 1 0 1 0 1 0 1 1 1 1 0 0 0 0 1 0 2 1 1 0
3805.83 1 4 4 4 3 3 3 2 3 2 4 3 2 4 1 0 0 0 1 1 0 0 0 1 0 1 0 0 1 0 0 0 0 0 1 1 0 0 1 0 1 0 1 0 1 0 0 1 1 1 1 1 0 1 0 1 1 0 0 1 0 1 0 1 1 0 0 0 0 0 0 1 0 0 1 1 0 0 0 1 0 1 1 0 0 1 1 1 0 0 1 1 1 1 1 0 1 0 0 1 1 0 0 1 0 0 0 1 1 1 1 0 1 1 0 0 3 0 0 1
2983.30 1 3 3 2 3 3 3 2 2 1 1 3 3 3 0 0 1 1 0 1 0 0 0 0 0 1 1 1 1 0 1 0 1 0 1 1 1 0 0 1 1 0 1 1 0 1 0 1 1 0 0 0 0 0 0 0 0 0 1 0 0 0 0 0 0 0 1 1 1 1 1 1 0 0 1 1 1 0 1 0 1 1 0 0 0 0 1 0 1 0 0 0 0 1 1 0 0 0 1 0 0 0 0 0 0 0 1 0 1 1 0 1 1 1 1 1 3 0 0 0
3865.21 2 3 2 1 1 3 4 4 3 2 1 1 3 2 0 1 1 0 0 0 0 1 0 0 1 1 0 0 1 0 1 1 1 0 1 1 0 1 1 1 1 1 1 0 1 1 1 0 1 1 0 1 1 0 1 1 1 1 1 0 0 0 0 1 1 0 0 1 0 0 0 1 0 0 0 0 1 1 0 0 1 0 0 1 1 1 1 1 0 1 1 0 1 1 0 0 1 0 1 0 1 0 1 0 0 0 1 0 1 0 0 0 0 0 0 1 3 1 1 0
2351.95 3 3 1 2 2 2 3 3 2 2 3 1 2 3 0 0 1 1 0 0 0 0 0 0 1 1 0 1 0 0 1 1 1 1 1 1 0 0 1 1 0 1 1 1 1 1 1 0 1 0 0 0 0 0 1 0 1 0 1 0 1 0 1 1 1 1 1 0 0 1 1 0 1 0 1 1 1 1 0 0 0 0 1 1 0 1 0 0 1 1 0 1 0 0 1 1 1 1 1 1 1 0 1 1 0 1 1 1 0 0 1 1 1 1 0 0 2 0 1 0
3719.65 3 2 4 3 2 1 1 3 4 4 2 2 4 4 0 1 1 0 0 0 1 0 0 0 0 1 1 0 0 1 1 1 1 0 1 0 1 1 1 0 1 0 1 1 0 1 0 0 0 0 1 1 0 0 1 0 1 0 0 1 0 0 0 0 0 0 0 0 1 1 0 1 1 1 1 1 0 1 0 1 0 0 1 0 0 1 1 1 1 0 1 0 0 0 0 0 1 0 0 1 1 1 1 1 0 0 1 0 1 1 0 1 0 0 0 1 3 0 1 0
3691.47 3 4 1 2 1 4 3 2 1 1 3 3 3 3 0 0 0 0 0 0 1 1 0 0 1 0 0 1 0 1 0 0 1 0 1 1 1 0 0 0 0 0 1 0 0 1 1 0 1 0 0 0 0 1 0 1 0 0 1 1 0 1 0 1 1 0 1 0 0 0 1 1 0 1 1 1 0 1 1 0 1 1 1 0 0 1 0 0 1 0 0 0 0 1 0 1 0 1 0 0 0 0 0 0 1 0 0 1 0 0 1 0 1 0 0 0 1 0 0 0
4018.71 2 3 2 1 2 2 2 2 2 2 1 2 1 4 1 0 1 0 0 0 0 0 0 0 1 1 1 0 0 0 1 0 1 1 0 0 1 0 1 0 0 0 0 1 1 1 1 1 1 0 0 0 1 0 1 1 0 1 0 1 0 0 0 1 0 1 1 1 0 1 0 1 1 1 0 1 1 1 1 1 1 0 0 1 0 1 0 0 0 1 1 0 0 1 1 1 0 0 0 0 0 0 0 1 0 0 1 1 0 1 1 0 0 0 1 0 2 1 1 0
3994.26 1 4 1 3 2 3 2 4 2 3 3 4 1 3 1 1 1 1 0 1 1 1 0 0 0 1 0 0 1 0 0 0 0 0 1 1 1 1 0 1 0 1 1 0 1 1 0 1 1 0 1 0 1 1 0 0 1 0 1 1 0 1 0 1 0 1 1 1 1 0 1 0 1 0 1 0 0 0 1 1 0 1 1 0 1 0 1 1 1 1 1 0 1 0 0 0 0 1 1 1 1 0 1 1 0 0 0 0 0 1 1 0 0 0 1 1 1 0 0 1
2946.23 4 1 3 4 3 2 2 3 1 1 4 3 2 3 1 1 0 0 0 1 1 1 1 0 1 1 0 0 0 1 1 0 0 1 1 1 1 0 0 0 1 1 1 0 0 1 1 1 1 0 0 0 0 1 0 0 1 0 0 1 1 1 1 1 0 0 0 0 0 0 0 1 1 1 0 1 0 1 1 0 1 1 1 0 0 0 1 1 0 0 1 1 1 0 1 0 1 1 0 0 1 0 0 0 1 1 0 0 0 1 1 1 1 1 1 0 3 1 1 0
3240.85 2 3 2 3 2 4 2 3 4 3 3 3 3 1 0 0 1 1 1 1 1 0 1 0 1 0 0 0 0 0 1 1 0 1 0 0 0 0 0 0 0 1 0 1 0 0 1 0 1 0 0 0 0 0 0 1 0 0 1 0 0 1 0 0 1 0 1 1 1 0 1 0 0 0 0 0 1 1 0 0 0 1 0 0 1 0 1 1 0 0 0 1 1 1 0 1 0 0 1 1 0 1 1 1 0 1 1 0 1 0 1 0 1 0 1 1 1 0 1 0
2322.65 3 2 1 3 3 3 1 2 3 3 2 3 1 2 0 0 0 1 0 1 1 0 0 0 1 1 0 1 1 0 0 0 1 0 0 1 1 0 1 1 1 0 0 0 0 0 0 0 1 0 0 1 1 0 0 0 1 1 0 0 1 1 0 1 0 0 1 0 0 1 1 0 1 1 1 1 0 0 1 0 0 0 0 1 0 0 0 1 0 0 1 1 1 0 0 0 0 1 0 0 0 1 1 1 1 0 1 0 0 0 0 0 1 1 0 0 2 1 0 1
2711.07 4 3 4 1 2 4 2 3 1 3 4 4 3 2 0 0 1 0 1 1 1 0 1 0 1 0 1 0 1 0 0 1 1 1 1 0 1 0 0 0 1 1 1 0 1 1 1 1 0 1 0 0 1 1 1 1 0 0 0 1 1 0 1 1 1 0 0 0 0 0 1 1 0 0 1 0 1 1 0 0 1 0 0 1 1 0 0 0 0 0 0 1 1 1 0 0 0 1 1 0 0 0 0 1 0 0 1 1 1 0 0 0 0 1 1 1 2 1 1 0
4077.71 3 1 4 2 4 3 1 3 3 3 1 3 3 1 1 0 0 0 0 0 1 0 1 0 0 1 1 1 1 1 0 1 0 1 0 0 1 0 1 1 0 1 1 0 0 0 1 0 1 1 1 1 1 1 0 1 1 0 0 1 1 1 0 0 1 0 1 1 0 0 1 1 0 1 0 1 1 0 0 1 1 1 0 1 1 0 0 1 1 0 0 1 0 1 1 0 0 1 1 0 1 0 0 0 0 1 1 1 0 1 0 1 0 1 1 1 1 1 0 1
3612.37 3 4 3 3 3 3 3 4 2 3 2 2 2 3 1 1 1 1 1 1 1 0 1 1 1 1 0 1 0 1 0 1 1 0 0 0 1 0 0 0 0 1 0 1 0 1 0 0 1 1 1 0 1 1 0 1 1 0 0 0 1 0 1 1 0 0 1 1 1 1 1 0 0 0 1 0 1 0 1 1 1 0 0 0 0 0 0 1 1 0 0 1 0 0 1 0 0 0 0 0 0 0 1 0 0 1 1 1 1 0 1 1 1 0 0 0 2 0 1 0
3652.01 3 1 3 4 2 4 2 3 2 2 2 1 2 4 1 0 1 0 0 1 1 0 1 0 1 0 1 0 1 1 0 1 1 0 0 1 1 0 0 0 0 0 1 1 0 0 0 0 0 1 0 1 1 0 1 0 0 1 1 0 0 1 0 0 0 1 0 1 1 0 0 1 0 1 0 1 0 1 0 1 1 1 0 1 0 1 1 0 0 1 1 0 0 1 0 1 0 0 0 0 1 1 0 0 1 1 1 1 0 1 1 0 1 0 0 1 2 0 0 1
4131.32 2 3 3 3 3 2 3 2 1 1 4 1 2 1 1 0 1 1 1 0 0 1 1 1 0 1 1 0 0 1 1 0 0 1 1 0 0 0 1 1 1 0 0 1 1 0 1 0 1 0 1 0 1 0 1 1 1 0 0 0 0 1 1 0 1 1 0 0 1 0 1 0 1 1 1 0 1 0 0 1 1 0 1 0 0 0 1 1 0 0 1 1 1 1 1 1 0 0 1 1 1 0 0 0 1 1 0 1 0 0 0 1 0 0 1 0 1 1 0 1
3108.30 2 3 3 2 3 3 4 3 4 3 4 1 3 1 0 0 1 1 0 1 1 0 1 0 0 0 0 0 1 0 0 0 0 0 1 1 1 0 0 0 1 0 0 0 0 0 0 0 1 0 1 0 1 0 1 1 1 0 1 1 0 1 1 0 0 1 0 0 0 0 0 0 0 0 0 0 0 1 1 0 1 1 1 0 0 0 1 1 1 0 1 0 1 0 0 0 0 1 1 1 1 1 0 1 0 0 0 0 0 1 0 1 0 1 0 1 2 0 1 0
3419.52 3 3 3 2 3 4 2 2 1 4 3 2 4 1 1 0 0 1 1 0 1 1 1 0 0 0 0 0 1 0 0 0 0 0 0 1 0 1 1 1 0 1 0 1 0 1 0 1 1 0 0 0 1 1 1 0 1 0 1 0 1 0 0 1 0 1 1 0 1 0 1 1 0 1 1 0 1 1 0 1 0 0 0 1 1 0 0 1 1 1 0 1 1 1 1 1 1 1 0 0 0 1 0 0 1 0 1 1 1 0 1 0 1 1 0 1 2 0 1 0
3512.62 2 2 3 3 3 2 1 4 3 2 3 1 4 3 1 0 0 1 1 1 0 1 1 1 1 0 0 0 1 0 0 1 0 0 0 1 1 0 1 1 1 0 1 0 1 1 0 0 1 1 1 1 0 0 1 0 0 1 0 0 1 1 1 1 0 1 1 0 1 0 0 0 1 0 0 1 1 0 0 0 0 0 0 0 1 0 0 1 1 0 1 0 1 0 0 1 1 0 0 1 0 0 0 0 0 0 0 1 0 1 1 0 1 1 0 0 1 0 0 0
2526.75 1 3 2 2 2 2 2 3 3 3 2 2 4 3 1 0 0 1 0 0 1 1 0 0 1 0 1 0 1 0 1 1 0 1 0 1 1 0 0 1 1 1 1 1 0 1 1 1 1 1 1 1 0 1 0 0 1 0 0 1 0 1 0 1 0 1 0 1 1 1 0 0 1 0 1 0 0 0 0 1 1 1 0 1 1 1 1 0 0 0 0 1 1 1 1 0 1 1 0 0 0 1 0 0 0 0 0 0 1 1 0 1 0 0 1 1 2 0 0 0
3144.19 3 3 1 1 2 1 3 3 4 4 2 4 4 1 1 1 1 1 0 0 1 1 0 0 1 1 0 1 0 0 0 0 0 1 1 0 1 1 1 1 0 0 0 0 0 1 1 1 1 1 1 1 1 1 1 0 1 0 0 1 0 1 1 1 0 1 0 1 1 0 1 1 0 1 0 1 1 1 0 1 1 0 0 0 0 1 1 1 0 0 1 0 1 0 0 1 0 1 1 1 1 1 1 1 1 0 1 1 0 0 1 0 0 0 1 0 2 0 0 0
4149.57 3 1 3 3 3 4 1 3 1 2 3 3 2 3 1 0 1 1 1 1 1 1 0 0 0 1 0 0 1 1 0 1 0 0 0 1 1 0 0 0 0 1 0 0 1 0 1 1 1 0 0 0 0 1 0 1 0 0 0 0 1 1 1 1 1 1 1 0 0 0 0 1 1 0 1 0 1 1 0 0 0 0 0 1 1 0 1 1 1 0 0 0 1 1 1 0 0 0 0 0 1 1 1 0 1 1 0 0 1 1 0 1 1 0 1 1 3 0 1 0
2280.49 1 3 2 2 1 2 3 2 2 1 3 1 3 1 0 0 1 0 1 1 1 1 1 1 1 1 1 0 1 0 1 1 0 0 0 1 0 0 1 0 0 0 1 0 1 1 1 0 1 1 0 0 1 0 0 1 0 0 0 1 1 1 0 0 1 0 0 0 0 1 1 0 1 0 0 0 1 0 1 0 1 0 1 0 0 1 1 1 1 0 1 1 1 0 0 0 0 1 1 1 0 0 0 0 0 0 0 0 0 1 0 1 1 0 0 0 1 1 0 1
2672.46 4 2 4 2 2 1 1 3 4 2 3 2 2 2 1 0 1 0 0 0 0 1 0 0 1 1 1 1 1 1 0 0 0 1 0 0 1 1 0 0 1 0 1 0 0 1 1 0 1 0 0 0 1 0 0 0 0 0 0 1 0 0 0 0 0 1 1 0 1 1 1 0 0 1 0 0 0 1 1 0 1 0 0 1 0 1 1 1 1 0 1 1 0 1 1 0 0 1 1 0 0 0 1 1 1 0 0 0 0 0 0 0 1 0 1 0 2 1 1 0
2604.74 3 2 1 2 4 2 3 2 3 2 2 4 3 2 0 1 1 0 1 0 1 1 1 0 0 0 0 1 0 1 1 0 1 1 0 0 0 1 1 0 0 0 1 0 1 1 0 1 0 1 1 0 0 1 1 0 0 1 0 1 0 1 0 1 1 0 1 1 1 1 1 1 0 1 1 1 1 0 0 0 1 0 1 0 1 0 1 0 1 0 1 1 0 1 0 0 1 1 1 0 0 0 0 1 0 0 1 1 0 0 0 1 1 0 0 0 3 1 0 0
4145.04 3 3 1 1 1 1 2 1 2 4 1 4 3 2 0 0 0 0 1 1 1 0 0 0 0 0 0 1 0 1 0 0 1 0 0 1 1 0 1 0 0 1 0 1 1 1 0 0 0 0 0 1 1 0 1 0 1 1 1 1 1 0 1 1 0 0 1 0 0 1 1 0 1 0 1 1 0 0 0 0 1 0 1 1 0 0 1 1 0 0 1 0 1 0 0 0 1 0 0 1 0 0 1 1 0 1 1 1 1 0 0 1 0 1 0 1 2 1 1 0
2206.13 3 1 3 2 3 2 1 2 3 2 3 2 3 4 1 0 0 1 0 1 1 1 1 1 0 1 1 0 1 0 1 0 1 1 1 0 1 0 1 0 0 0 1 0 1 1 1 0 0 1 1 0 0 0 0 1 0 0 0 1 1 0 0 0 1 0 1 0 0 1 0 1 1 1 1 0 0 1 1 0 0 0 0 0 1 0 0 0 0 0 1 1 1 0 1 0 1 1 1 1 1 0 0 0 0 1 1 0 1 1 0 1 1 0 0 1 2 1 0 0
2810.13 4 4 2 2 2 2 4 3 2 2 3 3 3 3 0 1 1 0 0 1 0 0 0 1 0 0 0 0 1 1 1 0 0 1 0 1 1 1 0 0 1 1 1 1 0 1 0 0 1 0 0 0 1 0 1 1 0 0 1 0 1 0 0 0 0 0 0 1 1 1 0 1 1 0 0 0 0 0 0 0 0 0 1 0 0 1 1 1 1 0 1 1 0 0 1 1 0 0 1 0 0 1 0 0 0 1 0 1 0 0 1 0 0 0 1 1 2 1 1 0
4072.18 4 3 3 3 2 2 3 3 2 3 4 4 1 2 0 0 1 0 1 0 0 0 1 1 0 0 0 1 1 0 0 0 1 1 1 0 1 0 0 0 1 0 1 1 1 0 0 0 0 1 0 1 0 0 0 1 1 0 0 1 1 1 0 1 0 1 0 0 1 0 0 1 0 0 0 0 1 0 1 1 0 0 1 0 0 0 0 1 1 0 1 1 0 0 0 0 1 1 1 1 0 0 1 1 0 0 0 1 0 0 1 0 0 0 1 1 2 0 1 0