0.000000e+00
3.489519e-04
1.359861e-02
5.231300e-03
2.196518e-03
1.378934e-02
1.949503e-03
4.083214e-04
8.753050e-03
8.747098e-03
1.201769e-02
2.176105e-03
6.946685e-03
3.831325e-03
4.233067e-04
3.184811e-04
-1.212303e-03
3.705449e-03
1.041595e-02
1.207038e-02
7.074701e-03
3.762964e-03
1.371522e-02
3.705255e-03
-1.313646e-03
1.225050e-02
1.048307e-02
1.205463e-02
1.361635e-02
6.928717e-03
1.371841e-02
3.765622e-03
1.217473e-02
1.377499e-02
3.724821e-03
8.785700e-03
1.042081e-02
1.382164e-02
5.261734e-03
5.461864e-03
4.046549e-04
1.041326e-02
1.373722e-02
7.071754e-03
1.365013e-02
1.046136e-02
1.361199e-02
4.064059e-04
1.382665e-02
7.040880e-03
8.580619e-03
2.086993e-03
1.196626e-02
2.057918e-03
1.019237e-02
3.615251e-04
2.023543e-03
4.047050e-04
1.361912e-02
1.032004e-02
1.198231e-02
1.204825e-02
5.263042e-03
7.057931e-03
-1.260986e-03
-1.219470e-03
6.943670e-03
5.395441e-03
3.503150e-04
8.590112e-03
3.895116e-03
1.197665e-02
8.518038e-03
5.225988e-03
1.205432e-02
2.049212e-03
3.689122e-03
8.636331e-03
3.654222e-03
2.131450e-03
1.041270e-02
1.861584e-03
3.665966e-03
1.364130e-02
1.576314e-04
1.368838e-02
1.376536e-02
-1.405710e-03
1.384060e-02
1.348847e-02
7.026565e-03
1.395311e-02
6.953367e-03
8.735820e-03
7.078018e-03
1.052224e-02
5.313066e-04
1.199784e-02
6.954957e-03
1.191390e-02
1.209311e-02
-1.303650e-03
3.594686e-04
3.678890e-03
8.819478e-03
-1.370643e-03
8.803949e-03
2.126918e-03
-1.333277e-03
1.352345e-02
3.027467e-04
3.058790e-04
4.338061e-04
5.327226e-03
3.981873e-04
3.820686e-03
1.358569e-02
1.368135e-02
1.197680e-02
8.842723e-03
8.694523e-03
7.069311e-03
1.352287e-02
3.687564e-03
3.746507e-03
1.031701e-02
3.682915e-03
3.800934e-04
-1.461768e-03
1.051589e-02
7.034396e-03
1.376995e-02
3.934213e-04
8.778802e-03
8.658542e-03
1.202600e-02
3.789523e-03
3.393976e-04
6.991186e-03
1.199915e-02
1.374370e-02
2.133272e-03
5.318788e-03
8.621238e-03
5.489126e-03
5.514173e-03
3.688901e-04
3.723656e-03
8.687194e-03
1.966649e-03
4.538362e-04
4.358707e-04
1.055792e-02
2.141948e-03
3.544267e-03
3.608422e-03
2.865176e-04
-1.238709e-03
1.195828e-02
3.815093e-03
5.046724e-04
6.952791e-03
3.706116e-03
3.975806e-04
2.817462e-04
1.209150e-02
2.109319e-03
2.109035e-03
-1.223095e-03
5.321360e-03
6.874327e-03
1.362947e-02
1.030887e-02
1.043593e-02
6.900311e-03
3.068229e-04
2.597540e-04
2.125932e-03
-1.360065e-03
1.376224e-02
1.918689e-03
1.043314e-02
8.709834e-03
-1.295189e-03
1.027046e-02
1.051560e-02
7.074841e-03
1.028429e-02
6.974952e-03
-1.404044e-03
7.167525e-03
1.364579e-02
1.356168e-02
8.845752e-03
2.103987e-03
2.130231e-03
5.405487e-03
8.873493e-03
1.035570e-02
8.770512e-03
1.050440e-02
1.207720e-02
1.381206e-02
1.010614e-02
1.207963e-02
8.601163e-03
7.019192e-03
5.490794e-03
3.127442e-04
1.055123e-02
1.924889e-03
7.127890e-03
-1.155207e-03
2.194913e-03
-1.242711e-03
5.402614e-03
1.367578e-02
1.192942e-02
7.119964e-03
2.082171e-04
5.290019e-03
4.127618e-04
5.407833e-03
4.379179e-04
5.225172e-03
4.659481e-04
-1.385980e-03
8.627237e-03
1.220481e-02
3.759103e-03
5.362209e-03
3.674492e-04
2.926059e-04
1.211837e-02
2.380561e-04
-1.296942e-03
6.993998e-03
1.227563e-02
5.227972e-03
4.021251e-04
2.122068e-03
1.202034e-02
7.055740e-03
7.028560e-03
5.370715e-03
1.027520e-02
1.371695e-02
1.373198e-02
2.453613e-04
5.493780e-03
6.707485e-03
2.152846e-03
1.373317e-02
7.108595e-03
1.200624e-02
2.013983e-03
1.215535e-02
-1.218597e-03
3.655796e-03
1.371562e-02
5.319933e-03
5.486680e-03
2.008306e-04
3.710822e-03
8.772605e-03
3.765603e-03
1.037471e-02
8.727478e-03
2.219206e-03
1.839739e-03
2.099333e-03
3.687054e-03
1.210446e-02
8.736584e-03
2.151172e-03
1.200066e-02
3.809781e-04
-1.286784e-03
1.025861e-02
5.360279e-03
-1.198329e-03
2.416364e-04
1.207396e-02
8.732554e-03
5.464242e-03
1.026893e-02
1.024775e-02
1.352942e-02
7.075541e-03
2.022228e-03
1.029906e-02
-1.411797e-03
3.876033e-03
7.091827e-03
7.091247e-03
5.393922e-03
1.204811e-02
-1.475151e-03
2.555505e-04
8.647659e-03
3.694934e-03
-1.315863e-03
1.207041e-02
8.474525e-03
2.153784e-03
-1.280199e-03
3.699389e-03
2.681768e-04
-1.181072e-03
1.044938e-02
-1.451340e-03
3.241942e-04
-1.328305e-03
3.249531e-04
5.569427e-03
1.055708e-02
1.201803e-02
3.938554e-03
3.542648e-03
2.153791e-03
8.860835e-03
-1.449620e-03
-1.520856e-03
2.047388e-03
1.049365e-02
3.787152e-04
8.693375e-03
3.651535e-04
4.756376e-04
1.052125e-02
1.061543e-02
1.382580e-02
3.771766e-03
7.073695e-03
8.646717e-03
7.107461e-03
8.705364e-03
-1.260471e-03
1.051848e-02
-1.351311e-03
1.359061e-02
1.378182e-02
3.705204e-03
8.569651e-03
1.053917e-02
8.715885e-03
5.262446e-03
4.955574e-04
1.208894e-02
3.593269e-03
-1.265673e-03
3.725720e-03
8.702216e-03
1.040875e-02
3.716249e-03
7.035251e-03
1.211150e-02
-1.446848e-03
7.103933e-03
8.665051e-03
1.200842e-02
1.037249e-02
1.935604e-03
-1.332897e-03
-1.259448e-03
8.587535e-03
2.035566e-03
-1.369192e-03
5.375188e-03
1.209585e-02
5.355151e-03
3.105785e-04
1.035850e-02
1.358733e-02
-1.257368e-03
7.151928e-03
4.119742e-04
1.193272e-02
1.034707e-02
1.369498e-02
1.959421e-03
3.748718e-03
2.004816e-03
6.926019e-03
2.056461e-03
1.203081e-02
6.957794e-03
1.053484e-02
3.816479e-03
1.030240e-02
3.252717e-04
1.050434e-02
-1.430334e-03
1.918971e-03
1.202525e-02
3.614882e-03
1.041505e-02
5.302907e-03
1.033747e-02
-1.359604e-03
4.639952e-04
2.884541e-04
-1.347509e-03
5.412431e-03
1.047859e-02
7.078747e-03
2.160660e-03
7.062693e-03
-1.328481e-03
7.061672e-03
1.900885e-03
3.575212e-03
6.998430e-03
4.771554e-04
1.379966e-02
-1.175734e-03
3.831861e-03
2.020499e-03
1.041865e-02
1.366243e-02
6.967551e-03
2.126310e-03
-1.223589e-03
7.108745e-03
5.348860e-03
2.011798e-03
1.917424e-03
5.415149e-03
1.031814e-02
6.932932e-03
5.372450e-03
6.936207e-03
1.375562e-02
1.016208e-02
5.553848e-03
8.610510e-03
3.190607e-04
1.210917e-02
3.482242e-04
-1.245249e-03
2.051969e-03
1.212031e-02
-1.494746e-03
8.719693e-03
3.684888e-03
2.557660e-04
7.039746e-03
1.043917e-02
5.456893e-04
3.784084e-03
1.213274e-02
1.226418e-02
5.351854e-03
1.376595e-02
4.185251e-04
5.443822e-03
-1.265572e-03
5.358312e-03
3.876990e-03
8.680357e-03
-1.317385e-03
3.705491e-03
1.358971e-02
1.187340e-02
1.190359e-02
6.780043e-03
-1.340669e-03
5.440748e-03
3.709535e-03
5.374163e-03
2.106571e-03
4.599256e-04
3.382520e-04
5.340295e-03
2.106793e-03
1.032077e-02
1.051894e-02
3.854294e-04
1.213803e-02
6.984816e-03
3.796614e-03
-1.111931e-03
7.069653e-03
-1.236880e-03
2.048632e-03
8.609224e-03
3.769554e-03
4.671673e-04
8.808471e-03
1.370693e-02
1.376847e-02
3.531881e-04
3.658474e-03
3.610616e-03
1.940223e-03
1.051335e-02
3.287612e-04
1.034836e-02
8.771738e-03
7.022499e-03
-1.364488e-03
-1.266708e-03
1.203809e-02
2.090699e-03
1.045338e-02
4.125987e-04
1.991794e-03
2.313572e-04
1.365998e-02
1.045021e-02
1.209436e-02
1.202980e-02
5.451304e-03
6.950759e-03
-1.265248e-03
-1.337479e-03
6.881080e-03
5.358179e-03
4.312609e-04
8.742947e-03
3.807628e-03
1.206295e-02
8.884936e-03
5.434415e-03
1.190872e-02
2.180642e-03
3.655900e-03
8.758723e-03
3.682856e-03
2.010074e-03
1.037563e-02
2.045442e-03
3.604606e-03
1.368901e-02
1.380414e-02
1.202722e-02
1.199226e-02
7.007122e-03
-1.205646e-03
5.193941e-03
3.586247e-03
5.350809e-03
2.038077e-03
3.783623e-04
3.005725e-04
5.404863e-03
1.935927e-03
1.022543e-02
1.042766e-02
2.246765e-04
1.203886e-02
7.068009e-03
3.830021e-03
-1.303543e-03
6.836764e-03
-1.412356e-03
2.108191e-03
8.846435e-03
3.657122e-03
3.122396e-04
8.689015e-03
1.366185e-02
3.996291e-04
4.747592e-04
5.383273e-03
2.019056e-03
1.038561e-02
1.056552e-02
4.059755e-04
1.210838e-02
6.956749e-03
3.748115e-03
-1.277503e-03
6.970026e-03
-1.336860e-03
1.360488e-02
1.369563e-02
1.211966e-02
1.193934e-02
7.101516e-03
-1.250815e-03
5.465909e-03
3.854526e-03
5.418693e-03
2.207244e-03
4.676378e-04
3.830854e-04
5.468486e-03
1.982875e-03
1.193480e-02
1.963454e-03
1.023071e-02
3.862906e-04
2.041470e-03
4.189515e-04
1.355222e-02
1.044655e-02
1.183243e-02
1.199383e-02
5.415051e-03
1.364548e-02
